
0.198941 4500
0.198942 4500
0.198943 4500
0.198944 4500
0.198945 4500
0.198946 4500
0.198947 4500
0.198948 4499
0.198949 4499
0.19895 4499
0.198951 4499
0.198952 4499
0.198953 4499
0.198954 4499
0.198955 4499
0.198956 4499
0.198957 4499
0.198958 4499
0.198959 4499
0.19896 4499
0.198961 4499
0.198962 4499
0.198963 4499
0.198964 4499
0.198965 4499
0.198966 4499
0.198967 4499
0.198968 4499
0.198969 4499
0.19897 4499
0.198971 4499
0.198972 4499
0.198973 4499
0.198974 4499
0.198975 4499
0.198976 4499
0.198977 4499
0.198978 4499
0.198979 4499
0.19898 4499
0.198981 4499
0.198982 4499
0.198983 4499
0.198984 4499
0.198985 4499
0.198986 4499
0.198987 4499
0.198988 4499
0.198989 4499
0.19899 4499
0.198991 4499
0.198992 4498
0.198993 4498
0.198994 4498
0.198995 4498
0.198996 4498
0.198997 4498
0.198998 4498
0.198999 4498
0.199 4498
0.199001 4498
0.199002 4498
0.199003 4498
0.199004 4498
0.199005 4498
0.199006 4498
0.199007 4498
0.199008 4498
0.199009 4498
0.19901 4498
0.199011 4498
0.199012 4498
0.199013 4498
0.199014 4498
0.199015 4498
0.199016 4498
0.199017 4498
0.199018 4498
0.199019 4498
0.19902 4498
0.199021 4498
0.199022 4498
0.199023 4498
0.199024 4498
0.199025 4498
0.199026 4498
0.199027 4498
0.199028 4498
0.199029 4498
0.19903 4498
0.199031 4498
0.199032 4498
0.199033 4498
0.199034 4498
0.199035 4498
0.199036 4498
0.199037 4498
0.199038 4498
0.199039 4497
0.19904 4497
0.199041 4497
0.199042 4497
0.199043 4497
0.199044 4497
0.199045 4497
0.199046 4497
0.199047 4497
0.199048 4497
0.199049 4497
0.19905 4497
0.199051 4497
0.199052 4497
0.199053 4497
0.199054 4497
0.199055 4497
0.199056 4497
0.199057 4497
0.199058 4497
0.199059 4497
0.19906 4497
0.199061 4497
0.199062 4497
0.199063 4497
0.199064 4497
0.199065 4497
0.199066 4497
0.199067 4497
0.199068 4497
0.199069 4497
0.19907 4497
0.199071 4497
0.199072 4497
0.199073 4497
0.199074 4497
0.199075 4497
0.199076 4497
0.199077 4497
0.199078 4497
0.199079 4497
0.19908 4497
0.199081 4497
0.199082 4497
0.199083 4497
0.199084 4497
0.199085 4497
0.199086 4496
0.199087 4496
0.199088 4496
0.199089 4496
0.19909 4496
0.199091 4496
0.199092 4496
0.199093 4496
0.199094 4496
0.199095 4496
0.199096 4496
0.199097 4496
0.199098 4496
0.199099 4496
0.1991 4496
0.199101 4496
0.199102 4496
0.199103 4496
0.199104 4496
0.199105 4496
0.199106 4496
0.199107 4496
0.199108 4496
0.199109 4496
0.19911 4496
0.199111 4496
0.199112 4496
0.199113 4496
0.199114 4496
0.199115 4496
0.199116 4496
0.199117 4496
0.199118 4496
0.199119 4496
0.19912 4496
0.199121 4496
0.199122 4496
0.199123 4496
0.199124 4496
0.199125 4496
0.199126 4496
0.199127 4496
0.199128 4496
0.199129 4496
0.19913 4495
0.199131 4495
0.199132 4495
0.199133 4495
0.199134 4495
0.199135 4495
0.199136 4495
0.199137 4495
0.199138 4495
0.199139 4495
0.19914 4495
0.199141 4495
0.199142 4495
0.199143 4495
0.199144 4495
0.199145 4495
0.199146 4495
0.199147 4495
0.199148 4495
0.199149 4495
0.19915 4495
0.199151 4495
0.199152 4495
0.199153 4495
0.199154 4495
0.199155 4495
0.199156 4495
0.199157 4495
0.199158 4495
0.199159 4495
0.19916 4495
0.199161 4495
0.199162 4495
0.199163 4495
0.199164 4495
0.199165 4495
0.199166 4495
0.199167 4495
0.199168 4495
0.199169 4495
0.19917 4495
0.199171 4494
0.199172 4494
0.199173 4494
0.199174 4494
0.199175 4494
0.199176 4494
0.199177 4494
0.199178 4494
0.199179 4494
0.19918 4494
0.199181 4494
0.199182 4494
0.199183 4494
0.199184 4494
0.199185 4494
0.199186 4494
0.199187 4494
0.199188 4494
0.199189 4494
0.19919 4494
0.199191 4494
0.199192 4494
0.199193 4494
0.199194 4494
0.199195 4494
0.199196 4494
0.199197 4494
0.199198 4494
0.199199 4494
0.1992 4494
0.199201 4494
0.199202 4493
0.199203 4493
0.199204 4493
0.199205 4493
0.199206 4493
0.199207 4493
0.199208 4493
0.199209 4493
0.19921 4493
0.199211 4493
0.199212 4493
0.199213 4493
0.199214 4493
0.199215 4493
0.199216 4493
0.199217 4493
0.199218 4493
0.199219 4493
0.19922 4493
0.199221 4493
0.199222 4493
0.199223 4493
0.199224 4493
0.199225 4493
0.199226 4493
0.199227 4493
0.199228 4493
0.199229 4493
0.19923 4493
0.199231 4493
0.199232 4493
0.199233 4493
0.199234 4493
0.199235 4493
0.199236 4493
0.199237 4493
0.199238 4493
0.199239 4493
0.19924 4493
0.199241 4493
0.199242 4493
0.199243 4493
0.199244 4493
0.199245 4493
0.199246 4493
0.199247 4493
0.199248 4493
0.199249 4493
0.19925 4492
0.199251 4492
0.199252 4492
0.199253 4492
0.199254 4492
0.199255 4492
0.199256 4492
0.199257 4492
0.199258 4492
0.199259 4492
0.19926 4492
0.199261 4492
0.199262 4492
0.199263 4492
0.199264 4492
0.199265 4492
0.199266 4492
0.199267 4492
0.199268 4492
0.199269 4492
0.19927 4492
0.199271 4492
0.199272 4492
0.199273 4492
0.199274 4492
0.199275 4492
0.199276 4492
0.199277 4492
0.199278 4492
0.199279 4492
0.19928 4492
0.199281 4492
0.199282 4492
0.199283 4492
0.199284 4492
0.199285 4492
0.199286 4492
0.199287 4492
0.199288 4492
0.199289 4491
0.19929 4491
0.199291 4491
0.199292 4491
0.199293 4491
0.199294 4491
0.199295 4491
0.199296 4491
0.199297 4491
0.199298 4491
0.199299 4491
0.1993 4491
0.199301 4491
0.199302 4491
0.199303 4491
0.199304 4491
0.199305 4491
0.199306 4491
0.199307 4491
0.199308 4491
0.199309 4491
0.19931 4491
0.199311 4491
0.199312 4491
0.199313 4491
0.199314 4491
0.199315 4491
0.199316 4491
0.199317 4491
0.199318 4491
0.199319 4491
0.19932 4491
0.199321 4491
0.199322 4491
0.199323 4491
0.199324 4491
0.199325 4491
0.199326 4491
0.199327 4491
0.199328 4491
0.199329 4491
0.19933 4491
0.199331 4491
0.199332 4491
0.199333 4491
0.199334 4491
0.199335 4490
0.199336 4490
0.199337 4490
0.199338 4490
0.199339 4490
0.19934 4490
0.199341 4490
0.199342 4490
0.199343 4490
0.199344 4490
0.199345 4490
0.199346 4490
0.199347 4490
0.199348 4490
0.199349 4490
0.19935 4490
0.199351 4490
0.199352 4490
0.199353 4490
0.199354 4490
0.199355 4490
0.199356 4490
0.199357 4490
0.199358 4490
0.199359 4490
0.19936 4490
0.199361 4490
0.199362 4490
0.199363 4490
0.199364 4490
0.199365 4490
0.199366 4490
0.199367 4490
0.199368 4490
0.199369 4490
0.19937 4490
0.199371 4490
0.199372 4490
0.199373 4490
0.199374 4490
0.199375 4490
0.199376 4490
0.199377 4490
0.199378 4490
0.199379 4490
0.19938 4490
0.199381 4490
0.199382 4490
0.199383 4490
0.199384 4490
0.199385 4490
0.199386 4490
0.199387 4490
0.199388 4490
0.199389 4490
0.19939 4490
0.199391 4490
0.199392 4490
0.199393 4490
0.199394 4490
0.199395 4490
0.199396 4490
0.199397 4490
0.199398 4490
0.199399 4490
0.1994 4490
0.199401 4490
0.199402 4490
0.199403 4490
0.199404 4490
0.199405 4490
0.199406 4490
0.199407 4489
0.199408 4490
0.199409 4490
0.19941 4490
0.199411 4490
0.199412 4490
0.199413 4490
0.199414 4490
0.199415 4490
0.199416 4490
0.199417 4490
0.199418 4491
0.199419 4491
0.19942 4491
0.199421 4491
0.199422 4491
0.199423 4492
0.199424 4492
0.199425 4492
0.199426 4492
0.199427 4492
0.199428 4493
0.199429 4493
0.19943 4494
0.199431 4494
0.199432 4494
0.199433 4495
0.199434 4495
0.199435 4496
0.199436 4497
0.199437 4497
0.199438 4498
0.199439 4499
0.19944 4500