0.0501 17995
0.0502 17959
0.0503 17923
0.0504 17888
0.0505 17853
0.0506 17818
0.0507 17781
0.0508 17747
0.0509 17712
0.051 17678
0.0511 17643
0.0512 17609
0.0513 17573
0.0514 17540
0.0515 17506
0.0516 17472
0.0517 17438
0.0518 17405
0.0519 17371
0.052 17338
0.0521 17305
0.0522 17272
0.0523 17239
0.0524 17207
0.0525 17174
0.0526 17141
0.0527 17107
0.0528 17075
0.0529 17042
0.053 17010
0.0531 16978
0.0532 16947
0.0533 16915
0.0534 16883
0.0535 16852
0.0536 16821
0.0537 16788
0.0538 16757
0.0539 16726
0.054 16695
0.0541 16663
0.0542 16633
0.0543 16602
0.0544 16572
0.0545 16542
0.0546 16512
0.0547 16481
0.0548 16451
0.0549 16421
0.055 16392
0.0551 16362
0.0552 16332
0.0553 16302
0.0554 16273
0.0555 16243
0.0556 16213
0.0557 16184
0.0558 16155
0.0559 16126
0.056 16098
0.0561 16069
0.0562 16041
0.0563 16012
0.0564 15983
0.0565 15954
0.0566 15927
0.0567 15898
0.0568 15871
0.0569 15842
0.057 15815
0.0571 15787
0.0572 15759
0.0573 15731
0.0574 15704
0.0575 15676
0.0576 15649
0.0577 15622
0.0578 15595
0.0579 15568
0.058 15540
0.0581 15514
0.0582 15486
0.0583 15460
0.0584 15434
0.0585 15408
0.0586 15381
0.0587 15355
0.0588 15329
0.0589 15302
0.059 15276
0.0591 15250
0.0592 15224
0.0593 15197
0.0594 15171
0.0595 15147
0.0596 15121
0.0597 15096
0.0598 15070
0.0599 15045
0.06 15020
0.0601 14995
0.0602 14970
0.0603 14945
0.0604 14920
0.0605 14896
0.0606 14871
0.0607 14846
0.0608 14822
0.0609 14797
0.061 14773
0.0611 14748
0.0612 14724
0.0613 14700
0.0614 14676
0.0615 14652
0.0616 14627
0.0617 14603
0.0618 14580
0.0619 14556
0.062 14533
0.0621 14510
0.0622 14486
0.0623 14463
0.0624 14440
0.0625 14415
0.0626 14392
0.0627 14369
0.0628 14346
0.0629 14323
0.063 14299
0.0631 14277
0.0632 14254
0.0633 14232
0.0634 14210
0.0635 14187
0.0636 14164
0.0637 14142
0.0638 14120
0.0639 14098
0.064 14076
0.0641 14053
0.0642 14031
0.0643 14009
0.0644 13988
0.0645 13966
0.0646 13945
0.0647 13923
0.0648 13901
0.0649 13879
0.065 13858
0.0651 13837
0.0652 13816
0.0653 13794
0.0654 13772
0.0655 13752
0.0656 13730
0.0657 13708
0.0658 13688
0.0659 13667
0.066 13646
0.0661 13626
0.0662 13605
0.0663 13584
0.0664 13564
0.0665 13544
0.0666 13523
0.0667 13502
0.0668 13481
0.0669 13461
0.067 13441
0.0671 13420
0.0672 13400
0.0673 13380
0.0674 13360
0.0675 13340
0.0676 13321
0.0677 13302
0.0678 13280
0.0679 13260
0.068 13241
0.0681 13221
0.0682 13202
0.0683 13183
0.0684 13163
0.0685 13143
0.0686 13124
0.0687 13105
0.0688 13086
0.0689 13067
0.069 13047
0.0691 13028
0.0692 13009
0.0693 12990
0.0694 12971
0.0695 12953
0.0696 12933
0.0697 12915
0.0698 12896
0.0699 12877
0.07 12859
0.0701 12840
0.0702 12822
0.0703 12803
0.0704 12785
0.0705 12767
0.0706 12749
0.0707 12731
0.0708 12713
0.0709 12695
0.071 12677
0.0711 12659
0.0712 12641
0.0713 12623
0.0714 12606
0.0715 12585
0.0716 12568
0.0717 12550
0.0718 12532
0.0719 12514
0.072 12497
0.0721 12480
0.0722 12462
0.0723 12444
0.0724 12428
0.0725 12411
0.0726 12394
0.0727 12376
0.0728 12359
0.0729 12342
0.073 12325
0.0731 12308
0.0732 12291
0.0733 12274
0.0734 12256
0.0735 12240
0.0736 12223
0.0737 12206
0.0738 12190
0.0739 12173
0.074 12156
0.0741 12138
0.0742 12123
0.0743 12106
0.0744 12090
0.0745 12073
0.0746 12057
0.0747 12040
0.0748 12024
0.0749 12007
0.075 11992
0.0751 11976
0.0752 11959
0.0753 11944
0.0754 11927
0.0755 11910
0.0756 11894
0.0757 11879
0.0758 11863
0.0759 11847
0.076 11831
0.0761 11816
0.0762 11800
0.0763 11785
0.0764 11769
0.0765 11753
0.0766 11738
0.0767 11723
0.0768 11707
0.0769 11692
0.077 11676
0.0771 11661
0.0772 11645
0.0773 11630
0.0774 11615
0.0775 11600
0.0776 11584
0.0777 11568
0.0778 11553
0.0779 11538
0.078 11523
0.0781 11509
0.0782 11494
0.0783 11479
0.0784 11464
0.0785 11449
0.0786 11434
0.0787 11419
0.0788 11405
0.0789 11390
0.079 11376
0.0791 11361
0.0792 11347
0.0793 11333
0.0794 11318
0.0795 11303
0.0796 11289
0.0797 11274
0.0798 11260
0.0799 11246
0.08 11231
0.0801 11216
0.0802 11203
0.0803 11188
0.0804 11175
0.0805 11160
0.0806 11146
0.0807 11132
0.0808 11119
0.0809 11104
0.081 11090
0.0811 11076
0.0812 11062
0.0813 11049
0.0814 11035
0.0815 11021
0.0816 11008
0.0817 10994
0.0818 10980
0.0819 10967
0.082 10953
0.0821 10940
0.0822 10925
0.0823 10912
0.0824 10899
0.0825 10884
0.0826 10872
0.0827 10858
0.0828 10845
0.0829 10832
0.083 10818
0.0831 10804
0.0832 10791
0.0833 10779
0.0834 10764
0.0835 10752
0.0836 10738
0.0837 10725
0.0838 10712
0.0839 10699
0.084 10686
0.0841 10673
0.0842 10661
0.0843 10647
0.0844 10634
0.0845 10622
0.0846 10609
0.0847 10597
0.0848 10584
0.0849 10571
0.085 10559
0.0851 10546
0.0852 10534
0.0853 10521
0.0854 10508
0.0855 10496
0.0856 10483
0.0857 10471
0.0858 10459
0.0859 10446
0.086 10434
0.0861 10421
0.0862 10409
0.0863 10397
0.0864 10384
0.0865 10372
0.0866 10360
0.0867 10347
0.0868 10335
0.0869 10323
0.087 10310
0.0871 10299
0.0872 10287
0.0873 10275
0.0874 10263
0.0875 10252
0.0876 10240
0.0877 10228
0.0878 10216
0.0879 10205
0.088 10193
0.0881 10182
0.0882 10170
0.0883 10159
0.0884 10147
0.0885 10136
0.0886 10125
0.0887 10113
0.0888 10102
0.0889 10091
0.089 10079
0.0891 10068
0.0892 10057
0.0893 10046
0.0894 10035
0.0895 10024
0.0896 10012
0.0897 10001
0.0898 9990
0.0899 9979
0.09 9968
0.0901 9957
0.0902 9946
0.0903 9935
0.0904 9924
0.0905 9914
0.0906 9903
0.0907 9892
0.0908 9881
0.0909 9871
0.091 9859
0.0911 9848
0.0912 9838
0.0913 9827
0.0914 9816
0.0915 9805
0.0916 9795
0.0917 9784
0.0918 9774
0.0919 9763
0.092 9752
0.0921 9742
0.0922 9731
0.0923 9721
0.0924 9710
0.0925 9700
0.0926 9690
0.0927 9679
0.0928 9669
0.0929 9658
0.093 9648
0.0931 9637
0.0932 9627
0.0933 9617
0.0934 9606
0.0935 9596
0.0936 9586
0.0937 9576
0.0938 9566
0.0939 9555
0.094 9545
0.0941 9536
0.0942 9525
0.0943 9516
0.0944 9505
0.0945 9495
0.0946 9485
0.0947 9475
0.0948 9465
0.0949 9455
0.095 9445
0.0951 9436
0.0952 9426
0.0953 9416
0.0954 9406
0.0955 9396
0.0956 9387
0.0957 9377
0.0958 9367
0.0959 9357
0.096 9348
0.0961 9338
0.0962 9328
0.0963 9318
0.0964 9309
0.0965 9299
0.0966 9290
0.0967 9280
0.0968 9270
0.0969 9261
0.097 9251
0.0971 9242
0.0972 9233
0.0973 9223
0.0974 9214
0.0975 9204
0.0976 9195
0.0977 9185
0.0978 9176
0.0979 9167
0.098 9158
0.0981 9148
0.0982 9139
0.0983 9129
0.0984 9121
0.0985 9111
0.0986 9102
0.0987 9093
0.0988 9083
0.0989 9074
0.099 9065
0.0991 9056
0.0992 9047
0.0993 9038
0.0994 9029
0.0995 9020
0.0996 9011
0.0997 9001
0.0998 8993
0.0999 8984
0.1 8975
0.1001 8966
0.1002 8957
0.1003 8947
0.1004 8938
0.1005 8930
0.1006 8921
0.1007 8912
0.1008 8903
0.1009 8894
0.101 8886
0.1011 8877
0.1012 8868
0.1013 8860
0.1014 8851
0.1015 8842
0.1016 8834
0.1017 8825
0.1018 8816
0.1019 8808
0.102 8799
0.1021 8790
0.1022 8782
0.1023 8773
0.1024 8765
0.1025 8756
0.1026 8747
0.1027 8739
0.1028 8730
0.1029 8722
0.103 8713
0.1031 8705
0.1032 8697
0.1033 8689
0.1034 8680
0.1035 8672
0.1036 8663
0.1037 8655
0.1038 8646
0.1039 8638
0.104 8630
0.1041 8622
0.1042 8613
0.1043 8605
0.1044 8597
0.1045 8589
0.1046 8580
0.1047 8573
0.1048 8564
0.1049 8556
0.105 8548
0.1051 8540
0.1052 8532
0.1053 8523
0.1054 8515
0.1055 8507
0.1056 8499
0.1057 8491
0.1058 8483
0.1059 8475
0.106 8467
0.1061 8459
0.1062 8451
0.1063 8443
0.1064 8435
0.1065 8427
0.1066 8419
0.1067 8411
0.1068 8403
0.1069 8396
0.107 8388
0.1071 8380
0.1072 8372
0.1073 8364
0.1074 8357
0.1075 8349
0.1076 8341
0.1077 8333
0.1078 8326
0.1079 8318
0.108 8310
0.1081 8303
0.1082 8295
0.1083 8287
0.1084 8280
0.1085 8272
0.1086 8264
0.1087 8257
0.1088 8249
0.1089 8241
0.109 8234
0.1091 8227
0.1092 8219
0.1093 8211
0.1094 8204
0.1095 8196
0.1096 8189
0.1097 8182
0.1098 8174
0.1099 8167
0.11 8159
0.1101 8152
0.1102 8144
0.1103 8137
0.1104 8130
0.1105 8122
0.1106 8115
0.1107 8108
0.1108 8101
0.1109 8093
0.111 8086
0.1111 8079
0.1112 8071
0.1113 8063
0.1114 8056
0.1115 8049
0.1116 8041
0.1117 8034
0.1118 8027
0.1119 8020
0.112 8013
0.1121 8006
0.1122 7999
0.1123 7991
0.1124 7984
0.1125 7977
0.1126 7970
0.1127 7963
0.1128 7956
0.1129 7949
0.113 7942
0.1131 7935
0.1132 7928
0.1133 7921
0.1134 7914
0.1135 7907
0.1136 7900
0.1137 7893
0.1138 7886
0.1139 7879
0.114 7872
0.1141 7865
0.1142 7858
0.1143 7851
0.1144 7844
0.1145 7838
0.1146 7831
0.1147 7824
0.1148 7817
0.1149 7811
0.115 7803
0.1151 7797
0.1152 7790
0.1153 7783
0.1154 7777
0.1155 7769
0.1156 7763
0.1157 7757
0.1158 7750
0.1159 7743
0.116 7736
0.1161 7730
0.1162 7723
0.1163 7716
0.1164 7710
0.1165 7703
0.1166 7696
0.1167 7690
0.1168 7683
0.1169 7677
0.117 7670
0.1171 7663
0.1172 7657
0.1173 7650
0.1174 7644
0.1175 7637
0.1176 7631
0.1177 7623
0.1178 7617
0.1179 7611
0.118 7604
0.1181 7598
0.1182 7591
0.1183 7585
0.1184 7579
0.1185 7572
0.1186 7566
0.1187 7559
0.1188 7553
0.1189 7546
0.119 7540
0.1191 7534
0.1192 7527
0.1193 7521
0.1194 7515
0.1195 7509
0.1196 7502
0.1197 7496
0.1198 7490
0.1199 7484
0.12 7477
0.1201 7471
0.1202 7465
0.1203 7459
0.1204 7452
0.1205 7446
0.1206 7440
0.1207 7434
0.1208 7427
0.1209 7421
0.121 7415
0.1211 7409
0.1212 7403
0.1213 7397
0.1214 7391
0.1215 7385
0.1216 7378
0.1217 7372
0.1218 7366
0.1219 7360
0.122 7354
0.1221 7348
0.1222 7342
0.1223 7336
0.1224 7330
0.1225 7324
0.1226 7318
0.1227 7312
0.1228 7306
0.1229 7300
0.123 7294
0.1231 7288
0.1232 7282
0.1233 7276
0.1234 7270
0.1235 7264
0.1236 7258
0.1237 7253
0.1238 7246
0.1239 7241
0.124 7235
0.1241 7229
0.1242 7223
0.1243 7217
0.1244 7212
0.1245 7205
0.1246 7200
0.1247 7194
0.1248 7189
0.1249 7182
0.125 7177
0.1251 7170
0.1252 7165
0.1253 7159
0.1254 7153
0.1255 7148
0.1256 7142
0.1257 7136
0.1258 7130
0.1259 7124
0.126 7119
0.1261 7113
0.1262 7108
0.1263 7102
0.1264 7096
0.1265 7091
0.1266 7085
0.1267 7079
0.1268 7074
0.1269 7068
0.127 7063
0.1271 7057
0.1272 7052
0.1273 7046
0.1274 7040
0.1275 7035
0.1276 7029
0.1277 7024
0.1278 7018
0.1279 7013
0.128 7007
0.1281 7002
0.1282 6996
0.1283 6991
0.1284 6985
0.1285 6980
0.1286 6974
0.1287 6969
0.1288 6964
0.1289 6958
0.129 6953
0.1291 6947
0.1292 6942
0.1293 6936
0.1294 6931
0.1295 6925
0.1296 6920
0.1297 6915
0.1298 6909
0.1299 6904
0.13 6899
0.1301 6893
0.1302 6888
0.1303 6882
0.1304 6877
0.1305 6872
0.1306 6867
0.1307 6862
0.1308 6856
0.1309 6851
0.131 6846
0.1311 6841
0.1312 6835
0.1313 6830
0.1314 6825
0.1315 6820
0.1316 6814
0.1317 6809
0.1318 6804
0.1319 6799
0.132 6794
0.1321 6788
0.1322 6783
0.1323 6778
0.1324 6773
0.1325 6767
0.1326 6763
0.1327 6757
0.1328 6752
0.1329 6747
0.133 6742
0.1331 6737
0.1332 6732
0.1333 6727
0.1334 6721
0.1335 6716
0.1336 6712
0.1337 6707
0.1338 6702
0.1339 6696
0.134 6692
0.1341 6686
0.1342 6682
0.1343 6676
0.1344 6672
0.1345 6666
0.1346 6661
0.1347 6656
0.1348 6652
0.1349 6646
0.135 6641
0.1351 6637
0.1352 6631
0.1353 6627
0.1354 6621
0.1355 6617
0.1356 6611
0.1357 6606
0.1358 6601
0.1359 6596
0.136 6592
0.1361 6587
0.1362 6582
0.1363 6577
0.1364 6572
0.1365 6567
0.1366 6562
0.1367 6557
0.1368 6553
0.1369 6548
0.137 6543
0.1371 6538
0.1372 6533
0.1373 6529
0.1374 6524
0.1375 6519
0.1376 6514
0.1377 6510
0.1378 6505
0.1379 6500
0.138 6495
0.1381 6491
0.1382 6486
0.1383 6481
0.1384 6476
0.1385 6472
0.1386 6467
0.1387 6462
0.1388 6458
0.1389 6453
0.139 6448
0.1391 6444
0.1392 6439
0.1393 6434
0.1394 6429
0.1395 6425
0.1396 6420
0.1397 6415
0.1398 6411
0.1399 6406
0.14 6402
0.1401 6397
0.1402 6392
0.1403 6388
0.1404 6383
0.1405 6379
0.1406 6374
0.1407 6369
0.1408 6365
0.1409 6360
0.141 6356
0.1411 6351
0.1412 6347
0.1413 6342
0.1414 6338
0.1415 6333
0.1416 6328
0.1417 6324
0.1418 6320
0.1419 6315
0.142 6310
0.1421 6306
0.1422 6302
0.1423 6297
0.1424 6293
0.1425 6288
0.1426 6283
0.1427 6279
0.1428 6275
0.1429 6270
0.143 6266
0.1431 6261
0.1432 6257
0.1433 6253
0.1434 6248
0.1435 6244
0.1436 6240
0.1437 6235
0.1438 6231
0.1439 6227
0.144 6222
0.1441 6218
0.1442 6214
0.1443 6210
0.1444 6205
0.1445 6201
0.1446 6197
0.1447 6193
0.1448 6188
0.1449 6184
0.145 6180
0.1451 6175
0.1452 6171
0.1453 6167
0.1454 6163
0.1455 6159
0.1456 6154
0.1457 6150
0.1458 6146
0.1459 6141
0.146 6137
0.1461 6133
0.1462 6129
0.1463 6125
0.1464 6121
0.1465 6116
0.1466 6113
0.1467 6109
0.1468 6104
0.1469 6100
0.147 6096
0.1471 6092
0.1472 6088
0.1473 6083
0.1474 6079
0.1475 6075
0.1476 6071
0.1477 6067
0.1478 6063
0.1479 6059
0.148 6055
0.1481 6051
0.1482 6046
0.1483 6042
0.1484 6038
0.1485 6034
0.1486 6030
0.1487 6026
0.1488 6022
0.1489 6018
0.149 6014
0.1491 6010
0.1492 6006
0.1493 6002
0.1494 5998
0.1495 5994
0.1496 5990
0.1497 5986
0.1498 5981
0.1499 5978
0.15 5974
0.1501 5970
0.1502 5966
0.1503 5962
0.1504 5958
0.1505 5954
0.1506 5950
0.1507 5946
0.1508 5942
0.1509 5938
0.151 5934
0.1511 5931
0.1512 5927
0.1513 5922
0.1514 5919
0.1515 5915
0.1516 5911
0.1517 5907
0.1518 5903
0.1519 5899
0.152 5895
0.1521 5892
0.1522 5888
0.1523 5884
0.1524 5880
0.1525 5876
0.1526 5872
0.1527 5868
0.1528 5865
0.1529 5861
0.153 5857
0.1531 5853
0.1532 5849
0.1533 5845
0.1534 5842
0.1535 5838
0.1536 5834
0.1537 5830
0.1538 5826
0.1539 5823
0.154 5819
0.1541 5816
0.1542 5811
0.1543 5808
0.1544 5804
0.1545 5800
0.1546 5796
0.1547 5793
0.1548 5789
0.1549 5785
0.155 5782
0.1551 5778
0.1552 5774
0.1553 5770
0.1554 5766
0.1555 5763
0.1556 5759
0.1557 5756
0.1558 5752
0.1559 5748
0.156 5744
0.1561 5741
0.1562 5737
0.1563 5733
0.1564 5730
0.1565 5726
0.1566 5722
0.1567 5719
0.1568 5715
0.1569 5712
0.157 5708
0.1571 5704
0.1572 5700
0.1573 5697
0.1574 5693
0.1575 5690
0.1576 5686
0.1577 5683
0.1578 5679
0.1579 5675
0.158 5672
0.1581 5668
0.1582 5664
0.1583 5661
0.1584 5657
0.1585 5654
0.1586 5651
0.1587 5647
0.1588 5643
0.1589 5640
0.159 5636
0.1591 5633
0.1592 5629
0.1593 5625
0.1594 5622
0.1595 5618
0.1596 5615
0.1597 5611
0.1598 5608
0.1599 5604
0.16 5601
0.1601 5597
0.1602 5594
0.1603 5590
0.1604 5587
0.1605 5583
0.1606 5580
0.1607 5576
0.1608 5573
0.1609 5570
0.161 5566
0.1611 5562
0.1612 5559
0.1613 5556
0.1614 5552
0.1615 5549
0.1616 5546
0.1617 5542
0.1618 5538
0.1619 5535
0.162 5532
0.1621 5528
0.1622 5525
0.1623 5522
0.1624 5518
0.1625 5514
0.1626 5511
0.1627 5508
0.1628 5505
0.1629 5501
0.163 5498
0.1631 5494
0.1632 5491
0.1633 5488
0.1634 5484
0.1635 5481
0.1636 5478
0.1637 5474
0.1638 5471
0.1639 5467
0.164 5464
0.1641 5461
0.1642 5457
0.1643 5454
0.1644 5451
0.1645 5447
0.1646 5444
0.1647 5441
0.1648 5438
0.1649 5434
0.165 5431
0.1651 5427
0.1652 5424
0.1653 5421
0.1654 5418
0.1655 5415
0.1656 5411
0.1657 5408
0.1658 5405
0.1659 5402
0.166 5398
0.1661 5395
0.1662 5391
0.1663 5388
0.1664 5385
0.1665 5382
0.1666 5379
0.1667 5375
0.1668 5372
0.1669 5369
0.167 5365
0.1671 5362
0.1672 5359
0.1673 5356
0.1674 5353
0.1675 5349
0.1676 5346
0.1677 5343
0.1678 5340
0.1679 5337
0.168 5333
0.1681 5330
0.1682 5327
0.1683 5324
0.1684 5321
0.1685 5318
0.1686 5315
0.1687 5311
0.1688 5308
0.1689 5305
0.169 5302
0.1691 5299
0.1692 5296
0.1693 5292
0.1694 5289
0.1695 5286
0.1696 5283
0.1697 5280
0.1698 5277
0.1699 5274
0.17 5270
0.1701 5267
0.1702 5264
0.1703 5261
0.1704 5258
0.1705 5255
0.1706 5252
0.1707 5249
0.1708 5246
0.1709 5243
0.171 5240
0.1711 5237
0.1712 5234
0.1713 5230
0.1714 5227
0.1715 5225
0.1716 5221
0.1717 5218
0.1718 5215
0.1719 5212
0.172 5209
0.1721 5206
0.1722 5203
0.1723 5200
0.1724 5197
0.1725 5194
0.1726 5191
0.1727 5188
0.1728 5185
0.1729 5182
0.173 5179
0.1731 5176
0.1732 5173
0.1733 5170
0.1734 5167
0.1735 5164
0.1736 5161
0.1737 5158
0.1738 5155
0.1739 5152
0.174 5149
0.1741 5146
0.1742 5143
0.1743 5140
0.1744 5137
0.1745 5134
0.1746 5131
0.1747 5128
0.1748 5125
0.1749 5123
0.175 5119
0.1751 5116
0.1752 5114
0.1753 5111
0.1754 5108
0.1755 5105
0.1756 5102
0.1757 5099
0.1758 5096
0.1759 5093
0.176 5090
0.1761 5087
0.1762 5085
0.1763 5081
0.1764 5079
0.1765 5076
0.1766 5073
0.1767 5070
0.1768 5067
0.1769 5064
0.177 5061
0.1771 5058
0.1772 5056
0.1773 5053
0.1774 5050
0.1775 5047
0.1776 5045
0.1777 5041
0.1778 5039
0.1779 5036
0.178 5033
0.1781 5030
0.1782 5027
0.1783 5024
0.1784 5022
0.1785 5019
0.1786 5016
0.1787 5013
0.1788 5010
0.1789 5007
0.179 5005
0.1791 5002
0.1792 4999
0.1793 4997
0.1794 4993
0.1795 4990
0.1796 4988
0.1797 4985
0.1798 4982
0.1799 4980
0.18 4977
0.1801 4974
0.1802 4971
0.1803 4968
0.1804 4966
0.1805 4963
0.1806 4960
0.1807 4957
0.1808 4955
0.1809 4952
0.181 4949
0.1811 4946
0.1812 4944
0.1813 4941
0.1814 4938
0.1815 4935
0.1816 4933
0.1817 4930
0.1818 4927
0.1819 4924
0.182 4922
0.1821 4919
0.1822 4917
0.1823 4914
0.1824 4911
0.1825 4908
0.1826 4905
0.1827 4903
0.1828 4900
0.1829 4898
0.183 4895
0.1831 4892
0.1832 4890
0.1833 4887
0.1834 4884
0.1835 4881
0.1836 4879
0.1837 4876
0.1838 4873
0.1839 4871
0.184 4868
0.1841 4865
0.1842 4863
0.1843 4860
0.1844 4857
0.1845 4855
0.1846 4852
0.1847 4849
0.1848 4847
0.1849 4844
0.185 4842
0.1851 4839
0.1852 4836
0.1853 4834
0.1854 4831
0.1855 4828
0.1856 4825
0.1857 4823
0.1858 4820
0.1859 4818
0.186 4815
0.1861 4813
0.1862 4810
0.1863 4807
0.1864 4805
0.1865 4802
0.1866 4800
0.1867 4797
0.1868 4795
0.1869 4792
0.187 4790
0.1871 4787
0.1872 4785
0.1873 4782
0.1874 4779
0.1875 4777
0.1876 4774
0.1877 4772
0.1878 4769
0.1879 4766
0.188 4764
0.1881 4761
0.1882 4759
0.1883 4756
0.1884 4754
0.1885 4751
0.1886 4749
0.1887 4746
0.1888 4743
0.1889 4741
0.189 4739
0.1891 4736
0.1892 4733
0.1893 4731
0.1894 4728
0.1895 4726
0.1896 4723
0.1897 4721
0.1898 4718
0.1899 4716
0.19 4713
0.19001 4713
0.19002 4713
0.19003 4713
0.19004 4712
0.19005 4712
0.19006 4712
0.19007 4711
0.19008 4711
0.19009 4711
0.1901 4711
0.19011 4711
0.19012 4710
0.19013 4710
0.19014 4710
0.19015 4710
0.19016 4709
0.19017 4709
0.19018 4709
0.19019 4708
0.1902 4708
0.19021 4708
0.19022 4708
0.19023 4707
0.19024 4707
0.19025 4707
0.19026 4707
0.19027 4707
0.19028 4706
0.19029 4706
0.1903 4706
0.19031 4706
0.19032 4705
0.19033 4705
0.19034 4705
0.19035 4705
0.19036 4704
0.19037 4704
0.19038 4704
0.19039 4704
0.1904 4703
0.19041 4703
0.19042 4703
0.19043 4703
0.19044 4702
0.19045 4702
0.19046 4702
0.19047 4702
0.19048 4701
0.19049 4701
0.1905 4700
0.19051 4700
0.19052 4700
0.19053 4700
0.19054 4699
0.19055 4699
0.19056 4699
0.19057 4699
0.19058 4699
0.19059 4698
0.1906 4698
0.19061 4698
0.19062 4698
0.19063 4697
0.19064 4697
0.19065 4697
0.19066 4697
0.19067 4696
0.19068 4696
0.19069 4696
0.1907 4695
0.19071 4695
0.19072 4695
0.19073 4695
0.19074 4694
0.19075 4694
0.19076 4694
0.19077 4694
0.19078 4694
0.19079 4693
0.1908 4693
0.19081 4693
0.19082 4692
0.19083 4692
0.19084 4692
0.19085 4692
0.19086 4691
0.19087 4691
0.19088 4691
0.19089 4691
0.1909 4690
0.19091 4690
0.19092 4690
0.19093 4690
0.19094 4690
0.19095 4689
0.19096 4689
0.19097 4689
0.19098 4689
0.19099 4688
0.191 4688
0.19101 4688
0.19102 4688
0.19103 4687
0.19104 4687
0.19105 4687
0.19106 4687
0.19107 4686
0.19108 4686
0.19109 4686
0.1911 4686
0.19111 4685
0.19112 4685
0.19113 4685
0.19114 4685
0.19115 4684
0.19116 4684
0.19117 4684
0.19118 4683
0.19119 4683
0.1912 4683
0.19121 4683
0.19122 4683
0.19123 4682
0.19124 4682
0.19125 4682
0.19126 4682
0.19127 4681
0.19128 4681
0.19129 4681
0.1913 4681
0.19131 4680
0.19132 4680
0.19133 4680
0.19134 4680
0.19135 4679
0.19136 4679
0.19137 4679
0.19138 4679
0.19139 4678
0.1914 4678
0.19141 4678
0.19142 4678
0.19143 4677
0.19144 4677
0.19145 4677
0.19146 4677
0.19147 4676
0.19148 4676
0.19149 4676
0.1915 4676
0.19151 4676
0.19152 4675
0.19153 4675
0.19154 4675
0.19155 4674
0.19156 4674
0.19157 4674
0.19158 4674
0.19159 4674
0.1916 4673
0.19161 4673
0.19162 4673
0.19163 4673
0.19164 4672
0.19165 4672
0.19166 4672
0.19167 4672
0.19168 4671
0.19169 4671
0.1917 4671
0.19171 4671
0.19172 4670
0.19173 4670
0.19174 4670
0.19175 4670
0.19176 4670
0.19177 4669
0.19178 4669
0.19179 4669
0.1918 4668
0.19181 4668
0.19182 4668
0.19183 4667
0.19184 4667
0.19185 4667
0.19186 4667
0.19187 4667
0.19188 4666
0.19189 4666
0.1919 4666
0.19191 4665
0.19192 4665
0.19193 4665
0.19194 4665
0.19195 4664
0.19196 4664
0.19197 4664
0.19198 4664
0.19199 4663
0.192 4663
0.19201 4663
0.19202 4663
0.19203 4662
0.19204 4662
0.19205 4662
0.19206 4662
0.19207 4662
0.19208 4661
0.19209 4661
0.1921 4661
0.19211 4661
0.19212 4661
0.19213 4660
0.19214 4660
0.19215 4660
0.19216 4660
0.19217 4659
0.19218 4659
0.19219 4659
0.1922 4659
0.19221 4658
0.19222 4658
0.19223 4658
0.19224 4658
0.19225 4657
0.19226 4657
0.19227 4657
0.19228 4657
0.19229 4657
0.1923 4656
0.19231 4656
0.19232 4656
0.19233 4656
0.19234 4655
0.19235 4655
0.19236 4655
0.19237 4654
0.19238 4654
0.19239 4654
0.1924 4654
0.19241 4653
0.19242 4653
0.19243 4653
0.19244 4653
0.19245 4653
0.19246 4652
0.19247 4652
0.19248 4652
0.19249 4652
0.1925 4651
0.19251 4651
0.19252 4651
0.19253 4651
0.19254 4650
0.19255 4650
0.19256 4650
0.19257 4650
0.19258 4649
0.19259 4649
0.1926 4649
0.19261 4649
0.19262 4649
0.19263 4648
0.19264 4648
0.19265 4648
0.19266 4647
0.19267 4647
0.19268 4647
0.19269 4647
0.1927 4647
0.19271 4646
0.19272 4646
0.19273 4646
0.19274 4646
0.19275 4645
0.19276 4645
0.19277 4645
0.19278 4644
0.19279 4644
0.1928 4644
0.19281 4644
0.19282 4643
0.19283 4643
0.19284 4643
0.19285 4643
0.19286 4642
0.19287 4642
0.19288 4642
0.19289 4642
0.1929 4641
0.19291 4641
0.19292 4641
0.19293 4641
0.19294 4640
0.19295 4640
0.19296 4640
0.19297 4640
0.19298 4640
0.19299 4639
0.193 4639
0.19301 4639
0.19302 4639
0.19303 4638
0.19304 4638
0.19305 4638
0.19306 4638
0.19307 4637
0.19308 4637
0.19309 4637
0.1931 4637
0.19311 4636
0.19312 4636
0.19313 4636
0.19314 4636
0.19315 4636
0.19316 4635
0.19317 4635
0.19318 4635
0.19319 4635
0.1932 4634
0.19321 4634
0.19322 4634
0.19323 4634
0.19324 4633
0.19325 4633
0.19326 4633
0.19327 4633
0.19328 4633
0.19329 4632
0.1933 4632
0.19331 4632
0.19332 4632
0.19333 4632
0.19334 4631
0.19335 4631
0.19336 4631
0.19337 4631
0.19338 4630
0.19339 4630
0.1934 4630
0.19341 4630
0.19342 4629
0.19343 4629
0.19344 4629
0.19345 4629
0.19346 4628
0.19347 4628
0.19348 4628
0.19349 4627
0.1935 4627
0.19351 4627
0.19352 4627
0.19353 4626
0.19354 4626
0.19355 4626
0.19356 4626
0.19357 4625
0.19358 4625
0.19359 4625
0.1936 4625
0.19361 4624
0.19362 4624
0.19363 4624
0.19364 4624
0.19365 4623
0.19366 4623
0.19367 4623
0.19368 4623
0.19369 4622
0.1937 4622
0.19371 4622
0.19372 4622
0.19373 4621
0.19374 4621
0.19375 4621
0.19376 4621
0.19377 4621
0.19378 4620
0.19379 4620
0.1938 4620
0.19381 4620
0.19382 4619
0.19383 4619
0.19384 4619
0.19385 4619
0.19386 4619
0.19387 4618
0.19388 4618
0.19389 4618
0.1939 4618
0.19391 4617
0.19392 4617
0.19393 4617
0.19394 4617
0.19395 4616
0.19396 4616
0.19397 4616
0.19398 4616
0.19399 4616
0.194 4615
0.19401 4615
0.19402 4615
0.19403 4615
0.19404 4614
0.19405 4614
0.19406 4614
0.19407 4614
0.19408 4613
0.19409 4613
0.1941 4613
0.19411 4612
0.19412 4612
0.19413 4612
0.19414 4612
0.19415 4611
0.19416 4611
0.19417 4611
0.19418 4611
0.19419 4611
0.1942 4610
0.19421 4610
0.19422 4610
0.19423 4610
0.19424 4609
0.19425 4609
0.19426 4609
0.19427 4608
0.19428 4608
0.19429 4608
0.1943 4608
0.19431 4607
0.19432 4607
0.19433 4607
0.19434 4607
0.19435 4607
0.19436 4606
0.19437 4606
0.19438 4606
0.19439 4606
0.1944 4605
0.19441 4605
0.19442 4605
0.19443 4605
0.19444 4605
0.19445 4604
0.19446 4604
0.19447 4604
0.19448 4604
0.19449 4603
0.1945 4603
0.19451 4603
0.19452 4603
0.19453 4603
0.19454 4602
0.19455 4602
0.19456 4602
0.19457 4601
0.19458 4601
0.19459 4601
0.1946 4601
0.19461 4600
0.19462 4600
0.19463 4600
0.19464 4600
0.19465 4600
0.19466 4599
0.19467 4599
0.19468 4599
0.19469 4599
0.1947 4598
0.19471 4598
0.19472 4598
0.19473 4598
0.19474 4598
0.19475 4597
0.19476 4597
0.19477 4597
0.19478 4596
0.19479 4596
0.1948 4596
0.19481 4596
0.19482 4596
0.19483 4595
0.19484 4595
0.19485 4595
0.19486 4594
0.19487 4594
0.19488 4594
0.19489 4594
0.1949 4594
0.19491 4593
0.19492 4593
0.19493 4593
0.19494 4593
0.19495 4592
0.19496 4592
0.19497 4592
0.19498 4592
0.19499 4591
0.195 4591
0.19501 4591
0.19502 4591
0.19503 4590
0.19504 4590
0.19505 4590
0.19506 4590
0.19507 4590
0.19508 4589
0.19509 4589
0.1951 4589
0.19511 4589
0.19512 4589
0.19513 4588
0.19514 4588
0.19515 4588
0.19516 4587
0.19517 4587
0.19518 4587
0.19519 4587
0.1952 4586
0.19521 4586
0.19522 4586
0.19523 4586
0.19524 4586
0.19525 4585
0.19526 4585
0.19527 4585
0.19528 4585
0.19529 4584
0.1953 4584
0.19531 4584
0.19532 4584
0.19533 4584
0.19534 4583
0.19535 4583
0.19536 4583
0.19537 4583
0.19538 4583
0.19539 4582
0.1954 4581
0.19541 4581
0.19542 4581
0.19543 4581
0.19544 4581
0.19545 4580
0.19546 4580
0.19547 4580
0.19548 4580
0.19549 4579
0.1955 4579
0.19551 4579
0.19552 4579
0.19553 4579
0.19554 4578
0.19555 4578
0.19556 4578
0.19557 4578
0.19558 4577
0.19559 4577
0.1956 4577
0.19561 4577
0.19562 4576
0.19563 4576
0.19564 4576
0.19565 4576
0.19566 4575
0.19567 4575
0.19568 4575
0.19569 4575
0.1957 4575
0.19571 4574
0.19572 4574
0.19573 4574
0.19574 4574
0.19575 4574
0.19576 4573
0.19577 4573
0.19578 4573
0.19579 4573
0.1958 4572
0.19581 4572
0.19582 4572
0.19583 4572
0.19584 4572
0.19585 4571
0.19586 4571
0.19587 4571
0.19588 4571
0.19589 4570
0.1959 4570
0.19591 4570
0.19592 4570
0.19593 4569
0.19594 4569
0.19595 4569
0.19596 4569
0.19597 4568
0.19598 4568
0.19599 4568
0.196 4568
0.19601 4567
0.19602 4567
0.19603 4567
0.19604 4567
0.19605 4567
0.19606 4566
0.19607 4566
0.19608 4566
0.19609 4566
0.1961 4565
0.19611 4565
0.19612 4565
0.19613 4565
0.19614 4564
0.19615 4564
0.19616 4564
0.19617 4564
0.19618 4563
0.19619 4563
0.1962 4563
0.19621 4562
0.19622 4562
0.19623 4562
0.19624 4562
0.19625 4561
0.19626 4561
0.19627 4561
0.19628 4561
0.19629 4560
0.1963 4560
0.19631 4560
0.19632 4560
0.19633 4560
0.19634 4559
0.19635 4559
0.19636 4559
0.19637 4559
0.19638 4559
0.19639 4558
0.1964 4558
0.19641 4558
0.19642 4558
0.19643 4557
0.19644 4557
0.19645 4557
0.19646 4557
0.19647 4557
0.19648 4556
0.19649 4556
0.1965 4556
0.19651 4556
0.19652 4556
0.19653 4555
0.19654 4555
0.19655 4555
0.19656 4555
0.19657 4554
0.19658 4554
0.19659 4554
0.1966 4554
0.19661 4553
0.19662 4553
0.19663 4553
0.19664 4553
0.19665 4552
0.19666 4552
0.19667 4552
0.19668 4552
0.19669 4551
0.1967 4551
0.19671 4551
0.19672 4551
0.19673 4550
0.19674 4550
0.19675 4550
0.19676 4550
0.19677 4549
0.19678 4549
0.19679 4549
0.1968 4549
0.19681 4549
0.19682 4548
0.19683 4548
0.19684 4548
0.19685 4548
0.19686 4547
0.19687 4547
0.19688 4547
0.19689 4547
0.1969 4546
0.19691 4546
0.19692 4546
0.19693 4546
0.19694 4546
0.19695 4545
0.19696 4545
0.19697 4545
0.19698 4545
0.19699 4544
0.197 4544
0.19701 4544
0.19702 4544
0.19703 4544
0.19704 4543
0.19705 4543
0.19706 4543
0.19707 4543
0.19708 4542
0.19709 4542
0.1971 4542
0.19711 4542
0.19712 4542
0.19713 4541
0.19714 4541
0.19715 4541
0.19716 4541
0.19717 4540
0.19718 4540
0.19719 4540
0.1972 4540
0.19721 4539
0.19722 4539
0.19723 4539
0.19724 4539
0.19725 4539
0.19726 4538
0.19727 4538
0.19728 4538
0.19729 4537
0.1973 4537
0.19731 4537
0.19732 4537
0.19733 4536
0.19734 4536
0.19735 4536
0.19736 4536
0.19737 4535
0.19738 4535
0.19739 4535
0.1974 4535
0.19741 4535
0.19742 4534
0.19743 4534
0.19744 4534
0.19745 4534
0.19746 4533
0.19747 4533
0.19748 4533
0.19749 4533
0.1975 4532
0.19751 4532
0.19752 4532
0.19753 4532
0.19754 4531
0.19755 4531
0.19756 4531
0.19757 4531
0.19758 4531
0.19759 4530
0.1976 4530
0.19761 4530
0.19762 4530
0.19763 4529
0.19764 4529
0.19765 4529
0.19766 4529
0.19767 4529
0.19768 4528
0.19769 4528
0.1977 4528
0.19771 4528
0.19772 4527
0.19773 4527
0.19774 4527
0.19775 4527
0.19776 4527
0.19777 4526
0.19778 4526
0.19779 4526
0.1978 4526
0.19781 4526
0.19782 4525
0.19783 4525
0.19784 4525
0.19785 4525
0.19786 4524
0.19787 4524
0.19788 4524
0.19789 4524
0.1979 4524
0.19791 4523
0.19792 4523
0.19793 4523
0.19794 4523
0.19795 4523
0.19796 4522
0.19797 4522
0.19798 4522
0.19799 4521
0.198 4521
0.19801 4521
0.19802 4521
0.19803 4520
0.19804 4520
0.19805 4520
0.19806 4520
0.19807 4520
0.19808 4519
0.19809 4519
0.1981 4519
0.19811 4519
0.19812 4518
0.19813 4518
0.19814 4518
0.19815 4518
0.19816 4518
0.19817 4517
0.19818 4517
0.19819 4517
0.1982 4517
0.19821 4516
0.19822 4516
0.19823 4516
0.19824 4516
0.19825 4516
0.19826 4515
0.19827 4515
0.19828 4515
0.19829 4515
0.1983 4514
0.19831 4514
0.19832 4514
0.19833 4514
0.19834 4514
0.19835 4513
0.19836 4513
0.19837 4512
0.19838 4512
0.19839 4512
0.1984 4512
0.19841 4512
0.19842 4511
0.19843 4511
0.19844 4511
0.19845 4511
0.19846 4511
0.19847 4510
0.19848 4510
0.19849 4510
0.1985 4510
0.19851 4509
0.19852 4509
0.19853 4509
0.19854 4509
0.19855 4508
0.19856 4508
0.19857 4508
0.19858 4508
0.19859 4507
0.1986 4507
0.19861 4507
0.19862 4507
0.19863 4507
0.19864 4506
0.19865 4506
0.19866 4506
0.19867 4506
0.19868 4505
0.19869 4505
0.1987 4505
0.19871 4505
0.19872 4504
0.19873 4504
0.19874 4504
0.19875 4504
0.19876 4504
0.19877 4503
0.19878 4503
0.19879 4503
0.1988 4503
0.19881 4502
0.19882 4502
0.19883 4502
0.19884 4502
0.19885 4502
0.19886 4501
0.19887 4501
0.19888 4501
0.19889 4501
0.1989 4501
0.19891 4500
0.19892 4500
0.19893 4500
0.19894 4500
0.19895 4499
0.19896 4499
0.19897 4499
0.19898 4499
0.19899 4499
0.199 4498
0.19901 4498
0.19902 4498
0.19903 4498
0.19904 4497
0.19905 4497
0.19906 4497
0.19907 4497
0.19908 4497
0.19909 4496
0.1991 4496
0.19911 4496
0.19912 4496
0.19913 4495
0.19914 4495
0.19915 4495
0.19916 4495
0.19917 4495
0.19918 4494
0.19919 4494
0.1992 4494
0.19921 4493
0.19922 4493
0.19923 4493
0.19924 4493
0.19925 4492
0.19926 4492
0.19927 4492
0.19928 4492
0.19929 4491
0.1993 4491
0.19931 4491
0.19932 4491
0.19933 4491
0.19934 4490
0.19935 4490
0.19936 4490
0.19937 4490
0.19938 4490
0.19939 4490
0.1994 4490
0.19941 4490
0.19942 4491
0.19943 4494
0.19944 4500
0.19945 4514
0.19946 4540
0.19947 4590
0.19948 4660
0.19949 4743
0.1995 4837
0.19951 4936
0.19952 5039
0.19953 5147
0.19954 5259
0.19955 5376
0.19956 5499
0.19957 5627
0.19958 5761
0.19959 5902
0.1996 6050
0.19961 6205
0.19962 6369
0.19963 6541
0.19964 6723
0.19965 6916
0.19966 7119
0.19967 7335
0.19968 7565
0.19969 7809
0.1997 8070
0.19971 8349
0.19972 8647
0.19973 8968
0.19974 9313
0.19975 9686
0.19976 10091
0.19977 10530
0.19978 11009
0.19979 11534
0.1998 12111
0.19981 12749
0.19982 13458
0.19983 14250
0.19984 15142
0.19985 16152

