0 4.60767
1 4.23162
2 4.03076
3 3.88822
4 3.77685
5 3.68516
6 3.60705
7 3.53893
8 3.47844
9 3.42398
10 3.37442
11 3.3289
12 3.28678
13 3.24757
14 3.21086
15 3.17633
16 3.14372
17 3.11281
18 3.08342
19 3.05539
20 3.02858
21 3.0029
22 2.97822
23 2.95448
24 2.93159
25 2.90949
26 2.88812
27 2.86742
28 2.84735
29 2.82786
30 2.80892
31 2.79049
32 2.77254
33 2.75504
34 2.73796
35 2.72129
36 2.70499
37 2.68906
38 2.67346
39 2.65818
40 2.64321
41 2.62853
42 2.61413
43 2.59999
44 2.58611
45 2.57246
46 2.55905
47 2.54586
48 2.53288
49 2.5201
50 2.50751
51 2.49512
52 2.4829
53 2.47086
54 2.45898
55 2.44726
56 2.4357
57 2.42428
58 2.41301
59 2.40188
60 2.39089
61 2.38002
62 2.36927
63 2.35865
64 2.34815
65 2.33776
66 2.32748
67 2.31731
68 2.30724
69 2.29727
70 2.28739
71 2.27762
72 2.26793
73 2.25834
74 2.24883
75 2.2394
76 2.23006
77 2.2208
78 2.21161
79 2.2025
80 2.19347
81 2.1845
82 2.17561
83 2.16678
84 2.15803
85 2.14933
86 2.1407
87 2.13213
88 2.12362
89 2.11518
90 2.10678
91 2.09845
92 2.09017
93 2.08194
94 2.07376
95 2.06564
96 2.05757
97 2.04954
98 2.04156
99 2.03363
100 2.02575
101 2.01791
102 2.01012
103 2.00236
104 1.99465
105 1.98698
106 1.97936
107 1.97177
108 1.96422
109 1.9567
110 1.94923
111 1.94179
112 1.93439
113 1.92702
114 1.91969
115 1.91239
116 1.90512
117 1.89789
118 1.89069
119 1.88351
120 1.87637
121 1.86926
122 1.86218
123 1.85513
124 1.84811
125 1.84112
126 1.83415
127 1.82721
128 1.8203
129 1.81341
130 1.80655
131 1.79971
132 1.7929
133 1.78611
134 1.77935
135 1.77261
136 1.76589
137 1.7592
138 1.75253
139 1.74588
140 1.73925
141 1.73264
142 1.72606
143 1.71949
144 1.71295
145 1.70642
146 1.69992
147 1.69343
148 1.68697
149 1.68052
150 1.67409
151 1.66768
152 1.66128
153 1.65491
154 1.64855
155 1.64221
156 1.63588
157 1.62957
158 1.62328
159 1.617
160 1.61074
161 1.6045
162 1.59827
163 1.59205
164 1.58585
165 1.57967
166 1.5735
167 1.56734
168 1.5612
169 1.55507
170 1.54896
171 1.54285
172 1.53677
173 1.53069
174 1.52463
175 1.51858
176 1.51254
177 1.50652
178 1.5005
179 1.4945
180 1.48851
181 1.48254
182 1.47657
183 1.47062
184 1.46467
185 1.45874
186 1.45282
187 1.44691
188 1.44101
189 1.43512
190 1.42924
191 1.42337
192 1.41751
193 1.41166
194 1.40582
195 1.39999
196 1.39417
197 1.38836
198 1.38256
199 1.37676
200 1.37098
201 1.36521
202 1.35944
203 1.35368
204 1.34793
205 1.34219
206 1.33646
207 1.33074
208 1.32502
209 1.31931
210 1.31361
211 1.30792
212 1.30224
213 1.29656
214 1.29089
215 1.28523
216 1.27958
217 1.27393
218 1.26829
219 1.26265
220 1.25703
221 1.25141
222 1.2458
223 1.24019
224 1.23459
225 1.229
226 1.22341
227 1.21783
228 1.21226
229 1.20669
230 1.20113
231 1.19558
232 1.19003
233 1.18449
234 1.17895
235 1.17342
236 1.16789
237 1.16237
238 1.15686
239 1.15135
240 1.14585
241 1.14035
242 1.13486
243 1.12937
244 1.12389
245 1.11841
246 1.11294
247 1.10747
248 1.10201
249 1.09655
250 1.0911
251 1.08565
252 1.08021
253 1.07477
254 1.06934
255 1.06391
256 1.05848
257 1.05306
258 1.04765
259 1.04224
260 1.03683
261 1.03143
262 1.02603
263 1.02064
264 1.01525
265 1.00986
266 1.00448
267 0.9991
268 0.993725
269 0.988355
270 0.982989
271 0.977626
272 0.972267
273 0.966912
274 0.961561
275 0.956213
276 0.950868
277 0.945528
278 0.94019
279 0.934856
280 0.929526
281 0.924199
282 0.918875
283 0.913555
284 0.908238
285 0.902924
286 0.897613
287 0.892306
288 0.887001
289 0.8817
290 0.876402
291 0.871107
292 0.865814
293 0.860525
294 0.855239
295 0.849955
296 0.844675
297 0.839397
298 0.834122
299 0.82885
300 0.82358
301 0.818313
302 0.813049
303 0.807788
304 0.802529
305 0.797273
306 0.792019
307 0.786768
308 0.781519
309 0.776273
310 0.771029
311 0.765788
312 0.760549
313 0.755313
314 0.750078
315 0.744846
316 0.739617
317 0.734389
318 0.729164
319 0.723941
320 0.718721
321 0.713502
322 0.708286
323 0.703072
324 0.697859
325 0.692649
326 0.687441
327 0.682235
328 0.677031
329 0.671829
330 0.666629
331 0.661431
332 0.656235
333 0.651041
334 0.645849
335 0.640658
336 0.63547
337 0.630283
338 0.625098
339 0.619915
340 0.614733
341 0.609553
342 0.604375
343 0.599199
344 0.594025
345 0.588852
346 0.58368
347 0.578511
348 0.573343
349 0.568176
350 0.563012
351 0.557848
352 0.552687
353 0.547527
354 0.542368
355 0.537211
356 0.532055
357 0.526901
358 0.521749
359 0.516597
360 0.511448
361 0.506299
362 0.501152
363 0.496007
364 0.490862
365 0.485719
366 0.480578
367 0.475438
368 0.470299
369 0.465161
370 0.460025
371 0.45489
372 0.449756
373 0.444623
374 0.439492
375 0.434362
376 0.429233
377 0.424105
378 0.418979
379 0.413853
380 0.408729
381 0.403606
382 0.398484
383 0.393363
384 0.388244
385 0.383125
386 0.378007
387 0.372891
388 0.367776
389 0.362661
390 0.357548
391 0.352436
392 0.347324
393 0.342214
394 0.337105
395 0.331997
396 0.326889
397 0.321783
398 0.316678
399 0.311573
400 0.30647
401 0.301367
402 0.296266
403 0.291165
404 0.286065
405 0.280966
406 0.275868
407 0.270771
408 0.265675
409 0.260579
410 0.255485
411 0.250391
412 0.245298
413 0.240206
414 0.235114
415 0.230024
416 0.224934
417 0.219845
418 0.214757
419 0.20967
420 0.204583
421 0.199497
422 0.194412
423 0.189328
424 0.184244
425 0.179161
426 0.174079
427 0.168997
428 0.163916
429 0.158836
430 0.153757
431 0.148678
432 0.1436
433 0.138522
434 0.133446
435 0.12837
436 0.123294
437 0.118219
438 0.113145
439 0.108071
440 0.102999
441 0.0979262
442 0.0928544
443 0.0877833
444 0.0827127
445 0.0776428
446 0.0725734
447 0.0675046
448 0.0624364
449 0.0573687
450 0.0523016
451 0.0472351
452 0.042169
453 0.0371036
454 0.0320386
455 0.0269742
456 0.0219104
457 0.016847
458 0.0117842
459 0.00672184
460 0.00166002
461 -0.00340131
462 -0.00846215
463 -0.0135225
464 -0.0185824
465 -0.0236417
466 -0.0287007
467 -0.0337591
468 -0.0388171
469 -0.0438746
470 -0.0489317
471 -0.0539883
472 -0.0590444
473 -0.0641002
474 -0.0691555
475 -0.0742103
476 -0.0792647
477 -0.0843188
478 -0.0893723
479 -0.0944255
480 -0.0994783
481 -0.104531
482 -0.109583
483 -0.114634
484 -0.119685
485 -0.124736
486 -0.129786
487 -0.134836
488 -0.139886
489 -0.144935
490 -0.149984
491 -0.155033
492 -0.160081
493 -0.165129
494 -0.170176
495 -0.175223
496 -0.18027
497 -0.185316
498 -0.190362
499 -0.195408
500 -0.200453
501 -0.205499
502 -0.210543
503 -0.215588
504 -0.220632
505 -0.225675
506 -0.230719
507 -0.235762
508 -0.240805
509 -0.245847
510 -0.25089
511 -0.255931
512 -0.260973
513 -0.266014
514 -0.271055
515 -0.276096
516 -0.281137
517 -0.286177
518 -0.291217
519 -0.296256
520 -0.301296
521 -0.306335
522 -0.311374
523 -0.316412
524 -0.32145
525 -0.326489
526 -0.331526
527 -0.336564
528 -0.341601
529 -0.346638
530 -0.351675
531 -0.356711
532 -0.361748
533 -0.366784
534 -0.37182
535 -0.376855
536 -0.38189
537 -0.386926
538 -0.39196
539 -0.396995
540 -0.40203
541 -0.407064
542 -0.412098
543 -0.417132
544 -0.422165
545 -0.427198
546 -0.432232
547 -0.437265
548 -0.442297
549 -0.44733
550 -0.452362
551 -0.457394
552 -0.462426
553 -0.467458
554 -0.47249
555 -0.477521
556 -0.482552
557 -0.487583
558 -0.492614
559 -0.497644
560 -0.502675
561 -0.507705
562 -0.512735
563 -0.517765
564 -0.522795
565 -0.527824
566 -0.532854
567 -0.537883
568 -0.542912
569 -0.547941
570 -0.55297
571 -0.557998
572 -0.563027
573 -0.568055
574 -0.573083
575 -0.578111
576 -0.583138
577 -0.588166
578 -0.593194
579 -0.598221
580 -0.603248
581 -0.608275
582 -0.613302
583 -0.618329
584 -0.623355
585 -0.628382
586 -0.633408
587 -0.638434
588 -0.64346
589 -0.648486
590 -0.653512
591 -0.658537
592 -0.663563
593 -0.668588
594 -0.673613
595 -0.678639
596 -0.683663
597 -0.688688
598 -0.693713
599 -0.698738
600 -0.703762
601 -0.708787
602 -0.713811
603 -0.718835
604 -0.723859
605 -0.728883
606 -0.733907
607 -0.73893
608 -0.743954
609 -0.748977
610 -0.754001
611 -0.759024
612 -0.764047
613 -0.76907
614 -0.774093
615 -0.779116
616 -0.784138
617 -0.789161
618 -0.794183
619 -0.799206
620 -0.804228
621 -0.80925
622 -0.814272
623 -0.819294
624 -0.824316
625 -0.829338
626 -0.83436
627 -0.839382
628 -0.844403
629 -0.849425
630 -0.854446
631 -0.859467
632 -0.864488
633 -0.869509
634 -0.87453
635 -0.879551
636 -0.884572
637 -0.889593
638 -0.894614
639 -0.899634
640 -0.904655
641 -0.909675
642 -0.914696
643 -0.919716
644 -0.924736
645 -0.929756
646 -0.934776
647 -0.939796
648 -0.944816
649 -0.949836
650 -0.954856
651 -0.959875
652 -0.964895
653 -0.969915
654 -0.974934
655 -0.979953
656 -0.984973
657 -0.989992
658 -0.995011
659 -1.00003
660 -1.00505
661 -1.01007
662 -1.01509
663 -1.02011
664 -1.02512
665 -1.03014
666 -1.03516
667 -1.04018
668 -1.0452
669 -1.05022
670 -1.05524
671 -1.06025
672 -1.06527
673 -1.07029
674 -1.07531
675 -1.08033
676 -1.08535
677 -1.09036
678 -1.09538
679 -1.1004
680 -1.10542
681 -1.11044
682 -1.11545
683 -1.12047
684 -1.12549
685 -1.13051
686 -1.13552
687 -1.14054
688 -1.14556
689 -1.15058
690 -1.15559
691 -1.16061
692 -1.16563
693 -1.17065
694 -1.17566
695 -1.18068
696 -1.1857
697 -1.19071
698 -1.19573
699 -1.20075
700 -1.20576
701 -1.21078
702 -1.2158
703 -1.22081
704 -1.22583
705 -1.23085
706 -1.23586
707 -1.24088
708 -1.2459
709 -1.25091
710 -1.25593
711 -1.26095
712 -1.26596
713 -1.27098
714 -1.276
715 -1.28101
716 -1.28603
717 -1.29105
718 -1.29606
719 -1.30108
720 -1.30609
721 -1.31111
722 -1.31613
723 -1.32114
724 -1.32616
725 -1.33117
726 -1.33619
727 -1.34121
728 -1.34622
729 -1.35124
730 -1.35625
731 -1.36127
732 -1.36628
733 -1.3713
734 -1.37632
735 -1.38133
736 -1.38635
737 -1.39136
738 -1.39638
739 -1.40139
740 -1.40641
741 -1.41142
742 -1.41644
743 -1.42145
744 -1.42647
745 -1.43149
746 -1.4365
747 -1.44152
748 -1.44653
749 -1.45155
750 -1.45656
751 -1.46158
752 -1.46659
753 -1.47161
754 -1.47662
755 -1.48164
756 -1.48665
757 -1.49167
758 -1.49668
759 -1.5017
760 -1.50671
761 -1.51173
762 -1.51674
763 -1.52176
764 -1.52677
765 -1.53179
766 -1.5368
767 -1.54182
768 -1.54683
769 -1.55185
770 -1.55686
771 -1.56187
772 -1.56689
773 -1.5719
774 -1.57692
775 -1.58193
776 -1.58695
777 -1.59196
778 -1.59698
779 -1.60199
780 -1.60701
781 -1.61202
782 -1.61703
783 -1.62205
784 -1.62706
785 -1.63208
786 -1.63709
787 -1.64211
788 -1.64712
789 -1.65214
790 -1.65715
791 -1.66216
792 -1.66718
793 -1.67219
794 -1.67721
795 -1.68222
796 -1.68723
797 -1.69225
798 -1.69726
799 -1.70228
800 -1.70729
801 -1.71231
802 -1.71732
803 -1.72233
804 -1.72735
805 -1.73236
806 -1.73738
807 -1.74239
808 -1.7474
809 -1.75242
810 -1.75743
811 -1.76245
812 -1.76746
813 -1.77247
814 -1.77749
815 -1.7825
816 -1.78752
817 -1.79253
818 -1.79754
819 -1.80256
820 -1.80757
821 -1.81258
822 -1.8176
823 -1.82261
824 -1.82763
825 -1.83264
826 -1.83765
827 -1.84267
828 -1.84768
829 -1.85269
830 -1.85771
831 -1.86272
832 -1.86774
833 -1.87275
834 -1.87776
835 -1.88278
836 -1.88779
837 -1.8928
838 -1.89782
839 -1.90283
840 -1.90785
841 -1.91286
842 -1.91787
843 -1.92289
844 -1.9279
845 -1.93291
846 -1.93793
847 -1.94294
848 -1.94795
849 -1.95297
850 -1.95798
851 -1.96299
852 -1.96801
853 -1.97302
854 -1.97803
855 -1.98305
856 -1.98806
857 -1.99307
858 -1.99809
859 -2.0031
860 -2.00812
861 -2.01313
862 -2.01814
863 -2.02316
864 -2.02817
865 -2.03318
866 -2.0382
867 -2.04321
868 -2.04822
869 -2.05324
870 -2.05825
871 -2.06326
872 -2.06828
873 -2.07329
874 -2.0783
875 -2.08332
876 -2.08833
877 -2.09334
878 -2.09836
879 -2.10337
880 -2.10838
881 -2.11339
882 -2.11841
883 -2.12342
884 -2.12843
885 -2.13345
886 -2.13846
887 -2.14347
888 -2.14849
889 -2.1535
890 -2.15851
891 -2.16353
892 -2.16854
893 -2.17355
894 -2.17857
895 -2.18358
896 -2.18859
897 -2.19361
898 -2.19862
899 -2.20363
900 -2.20865
901 -2.21366
902 -2.21867
903 -2.22368
904 -2.2287
905 -2.23371
906 -2.23872
907 -2.24374
908 -2.24875
909 -2.25376
910 -2.25878
911 -2.26379
912 -2.2688
913 -2.27382
914 -2.27883
915 -2.28384
916 -2.28885
917 -2.29387
918 -2.29888
919 -2.30389
920 -2.30891
921 -2.31392
922 -2.31893
923 -2.32395
924 -2.32896
925 -2.33397
926 -2.33898
927 -2.344
928 -2.34901
929 -2.35402
930 -2.35904
931 -2.36405
932 -2.36906
933 -2.37408
934 -2.37909
935 -2.3841
936 -2.38911
937 -2.39413
938 -2.39914
939 -2.40415
940 -2.40917
941 -2.41418
942 -2.41919
943 -2.4242
944 -2.42922
945 -2.43423
946 -2.43924
947 -2.44426
948 -2.44927
949 -2.45428
950 -2.4593
951 -2.46431
952 -2.46932
953 -2.47433
954 -2.47935
955 -2.48436
956 -2.48937
957 -2.49439
958 -2.4994
959 -2.50441
960 -2.50942
961 -2.51444
962 -2.51945
963 -2.52446
964 -2.52948
965 -2.53449
966 -2.5395
967 -2.54451
968 -2.54953
969 -2.55454
970 -2.55955
971 -2.56457
972 -2.56958
973 -2.57459
974 -2.5796
975 -2.58462
976 -2.58963
977 -2.59464
978 -2.59965
979 -2.60467
980 -2.60968
981 -2.61469
982 -2.61971
983 -2.62472
984 -2.62973
985 -2.63474
986 -2.63976
987 -2.64477
988 -2.64978
989 -2.6548
990 -2.65981
991 -2.66482
992 -2.66983
993 -2.67485
994 -2.67986
995 -2.68487
996 -2.68988
997 -2.6949
998 -2.69991
999 -2.70492
1000 -2.70994
1001 -2.71495
1002 -2.71996
1003 -2.72497
1004 -2.72999
1005 -2.735
1006 -2.74001
1007 -2.74503
1008 -2.75004
1009 -2.75505
1010 -2.76006
1011 -2.76508
1012 -2.77009
1013 -2.7751
1014 -2.78011
1015 -2.78513
1016 -2.79014
1017 -2.79515
1018 -2.80017
1019 -2.80518
1020 -2.81019
1021 -2.8152
1022 -2.82022
1023 -2.82523
1024 -2.83024
1025 -2.83525
1026 -2.84027
1027 -2.84528
1028 -2.85029
1029 -2.8553
1030 -2.86032
1031 -2.86533
1032 -2.87034
1033 -2.87536
1034 -2.88037
1035 -2.88538
1036 -2.89039
1037 -2.89541
1038 -2.90042
1039 -2.90543
1040 -2.91044
1041 -2.91546
1042 -2.92047
1043 -2.92548
1044 -2.9305
1045 -2.93551
1046 -2.94052
1047 -2.94553
1048 -2.95055
1049 -2.95556
1050 -2.96057
1051 -2.96558
1052 -2.9706
1053 -2.97561
1054 -2.98062
1055 -2.98563
1056 -2.99065
1057 -2.99566
1058 -3.00067
1059 -3.00569
1060 -3.0107
1061 -3.01571
1062 -3.02072
1063 -3.02574
1064 -3.03075
1065 -3.03576
1066 -3.04077
1067 -3.04579
1068 -3.0508
1069 -3.05581
1070 -3.06082
1071 -3.06584
1072 -3.07085
1073 -3.07586
1074 -3.08087
1075 -3.08589
1076 -3.0909
1077 -3.09591
1078 -3.10093
1079 -3.10594
1080 -3.11095
1081 -3.11596
1082 -3.12098
1083 -3.12599
1084 -3.131
1085 -3.13601
1086 -3.14103
1087 -3.14604
1088 -3.15105
1089 -3.15606
1090 -3.16108
1091 -3.16609
1092 -3.1711
1093 -3.17611
1094 -3.18113
1095 -3.18614
1096 -3.19115
1097 -3.19617
1098 -3.20118
1099 -3.20619
1100 -3.2112
1101 -3.21622
1102 -3.22123
1103 -3.22624
1104 -3.23125
1105 -3.23627
1106 -3.24128
1107 -3.24629
1108 -3.2513
1109 -3.25632
1110 -3.26133
1111 -3.26634
1112 -3.27135
1113 -3.27637
1114 -3.28138
1115 -3.28639
1116 -3.29141
1117 -3.29642
1118 -3.30143
1119 -3.30644
1120 -3.31146
1121 -3.31647
1122 -3.32148
1123 -3.32649
1124 -3.33151
1125 -3.33652
1126 -3.34153
1127 -3.34654
1128 -3.35156
1129 -3.35657
1130 -3.36158
1131 -3.36659
1132 -3.37161
1133 -3.37662
1134 -3.38163
1135 -3.38664
1136 -3.39166
1137 -3.39667
1138 -3.40168
1139 -3.40669
1140 -3.41171
1141 -3.41672
1142 -3.42173
1143 -3.42675
1144 -3.43176
1145 -3.43677
1146 -3.44178
1147 -3.4468
1148 -3.45181
1149 -3.45682
1150 -3.46183
1151 -3.46685
1152 -3.47186
1153 -3.47687
1154 -3.48188
1155 -3.4869
1156 -3.49191
1157 -3.49692
1158 -3.50193
1159 -3.50695
1160 -3.51196
1161 -3.51697
1162 -3.52198
1163 -3.527
1164 -3.53201
1165 -3.53702
1166 -3.54203
1167 -3.54705
1168 -3.55206
1169 -3.55707
1170 -3.56209
1171 -3.5671
1172 -3.57211
1173 -3.57712
1174 -3.58214
1175 -3.58715
1176 -3.59216
1177 -3.59717
1178 -3.60219
1179 -3.6072
1180 -3.61221
1181 -3.61722
1182 -3.62224
1183 -3.62725
1184 -3.63226
1185 -3.63727
1186 -3.64229
1187 -3.6473
1188 -3.65231
1189 -3.65732
1190 -3.66234
1191 -3.66735
1192 -3.67236
1193 -3.67737
1194 -3.68239
1195 -3.6874
1196 -3.69241
1197 -3.69742
1198 -3.70244
1199 -3.70745
1200 -3.71246
1201 -3.71747
1202 -3.72249
1203 -3.7275
1204 -3.73251
1205 -3.73753
1206 -3.74254
1207 -3.74755
1208 -3.75256
1209 -3.75758
1210 -3.76259
1211 -3.7676
1212 -3.77261
1213 -3.77763
1214 -3.78264
1215 -3.78765
1216 -3.79266
1217 -3.79768
1218 -3.80269
1219 -3.8077
1220 -3.81271
1221 -3.81773
1222 -3.82274
1223 -3.82775
1224 -3.83276
1225 -3.83778
1226 -3.84279
1227 -3.8478
1228 -3.85281
1229 -3.85783
1230 -3.86284
1231 -3.86785
1232 -3.87286
1233 -3.87788
1234 -3.88289
1235 -3.8879
1236 -3.89291
1237 -3.89793
1238 -3.90294
1239 -3.90795
1240 -3.91296
1241 -3.91798
1242 -3.92299
1243 -3.928
1244 -3.93302
1245 -3.93803
1246 -3.94304
1247 -3.94805
1248 -3.95307
1249 -3.95808
1250 -3.96309
1251 -3.9681
1252 -3.97312
1253 -3.97813
1254 -3.98314
1255 -3.98815
1256 -3.99317
1257 -3.99818
1258 -4.00319
1259 -4.0082
1260 -4.01322
1261 -4.01823
1262 -4.02324
1263 -4.02825
1264 -4.03327
1265 -4.03828
1266 -4.04329
1267 -4.0483
1268 -4.05332
1269 -4.05833
1270 -4.06334
1271 -4.06835
1272 -4.07337
1273 -4.07838
1274 -4.08339
1275 -4.0884
1276 -4.09342
1277 -4.09843
1278 -4.10344
1279 -4.10845
1280 -4.11347
1281 -4.11848
1282 -4.12349
1283 -4.1285
1284 -4.13352
1285 -4.13853
1286 -4.14354
1287 -4.14856
1288 -4.15357
1289 -4.15858
1290 -4.16359
1291 -4.16861
1292 -4.17362
1293 -4.17863
1294 -4.18364
1295 -4.18866
1296 -4.19367
1297 -4.19868
1298 -4.20369
1299 -4.20871
1300 -4.21372
1301 -4.21873
1302 -4.22374
1303 -4.22876
1304 -4.23377
1305 -4.23878
1306 -4.24379
1307 -4.24881
1308 -4.25382
1309 -4.25883
1310 -4.26384
1311 -4.26886
1312 -4.27387
1313 -4.27888
1314 -4.28389
1315 -4.28891
1316 -4.29392
1317 -4.29893
1318 -4.30394
1319 -4.30896
1320 -4.31397
1321 -4.31898
1322 -4.32399
1323 -4.32901
1324 -4.33402
1325 -4.33903
1326 -4.34404
1327 -4.34906
1328 -4.35407
1329 -4.35908
1330 -4.36409
1331 -4.36911
1332 -4.37412
1333 -4.37913
1334 -4.38414
1335 -4.38916
1336 -4.39417
1337 -4.39918
1338 -4.4042
1339 -4.40921
1340 -4.41422
1341 -4.41923
1342 -4.42425
1343 -4.42926
1344 -4.43427
1345 -4.43928
1346 -4.4443
1347 -4.44931
1348 -4.45432
1349 -4.45933
1350 -4.46435
1351 -4.46936
1352 -4.47437
1353 -4.47938
1354 -4.4844
1355 -4.48941
1356 -4.49442
1357 -4.49943
1358 -4.50445
1359 -4.50946
1360 -4.51447
1361 -4.51948
1362 -4.5245
1363 -4.52951
1364 -4.53452
1365 -4.53953
1366 -4.54455
1367 -4.54956
1368 -4.55457
1369 -4.55958
1370 -4.5646
1371 -4.56961
1372 -4.57462
1373 -4.57963
1374 -4.58465
1375 -4.58966
1376 -4.59467
1377 -4.59968
1378 -4.6047
1379 -4.60971
1380 -4.61472
1381 -4.61973
1382 -4.62475
1383 -4.62976
1384 -4.63477
1385 -4.63978
1386 -4.6448
1387 -4.64981
1388 -4.65482
1389 -4.65984
1390 -4.66485
1391 -4.66986
1392 -4.67487
1393 -4.67989
1394 -4.6849
1395 -4.68991
1396 -4.69492
1397 -4.69994
1398 -4.70495
1399 -4.70996
1400 -4.71497
1401 -4.71999
1402 -4.725
1403 -4.73001
1404 -4.73502
1405 -4.74004
1406 -4.74505
1407 -4.75006
1408 -4.75507
1409 -4.76009
1410 -4.7651
1411 -4.77011
1412 -4.77512
1413 -4.78014
1414 -4.78515
1415 -4.79016
1416 -4.79517
1417 -4.80019
1418 -4.8052
1419 -4.81021
1420 -4.81522
1421 -4.82024
1422 -4.82525
1423 -4.83026
1424 -4.83527
1425 -4.84029
1426 -4.8453
1427 -4.85031
1428 -4.85532
1429 -4.86034
1430 -4.86535
1431 -4.87036
1432 -4.87537
1433 -4.88039
1434 -4.8854
1435 -4.89041
1436 -4.89542
1437 -4.90044
1438 -4.90545
1439 -4.91046
1440 -4.91547
1441 -4.92049
1442 -4.9255
1443 -4.93051
1444 -4.93553
1445 -4.94054
1446 -4.94555
1447 -4.95056
1448 -4.95558
1449 -4.96059
1450 -4.9656
1451 -4.97061
1452 -4.97563
1453 -4.98064
1454 -4.98565
1455 -4.99066
1456 -4.99568
1457 -5.00069
1458 -5.0057
1459 -5.01071
1460 -5.01573
1461 -5.02074
1462 -5.02575
1463 -5.03076
1464 -5.03578
1465 -5.04079
1466 -5.0458
1467 -5.05081
1468 -5.05583
1469 -5.06084
1470 -5.06585
1471 -5.07086
1472 -5.07588
1473 -5.08089
1474 -5.0859
1475 -5.09091
1476 -5.09593
1477 -5.10094
1478 -5.10595
1479 -5.11096
1480 -5.11598
1481 -5.12099
1482 -5.126
1483 -5.13101
1484 -5.13603
1485 -5.14104
1486 -5.14605
1487 -5.15106
1488 -5.15608
1489 -5.16109
1490 -5.1661
1491 -5.17111
1492 -5.17613
1493 -5.18114
1494 -5.18615
1495 -5.19116
1496 -5.19618
1497 -5.20119
1498 -5.2062
1499 -5.21121
1500 -5.21623
1501 -5.22124
1502 -5.22625
1503 -5.23127
1504 -5.23628
1505 -5.24129
1506 -5.2463
1507 -5.25132
1508 -5.25633
1509 -5.26134
1510 -5.26635
1511 -5.27137
1512 -5.27638
1513 -5.28139
1514 -5.2864
1515 -5.29142
1516 -5.29643
1517 -5.30144
1518 -5.30645
1519 -5.31147
1520 -5.31648
1521 -5.32149
1522 -5.3265
1523 -5.33152
1524 -5.33653
1525 -5.34154
1526 -5.34655
1527 -5.35157
1528 -5.35658
1529 -5.36159
1530 -5.3666
1531 -5.37162
1532 -5.37663
1533 -5.38164
1534 -5.38665
1535 -5.39167
1536 -5.39668
1537 -5.40169
1538 -5.4067
1539 -5.41172
1540 -5.41673
1541 -5.42174
1542 -5.42675
1543 -5.43177
1544 -5.43678
1545 -5.44179
1546 -5.4468
1547 -5.45182
1548 -5.45683
1549 -5.46184
1550 -5.46685
1551 -5.47187
1552 -5.47688
1553 -5.48189
1554 -5.4869
1555 -5.49192
1556 -5.49693
1557 -5.50194
1558 -5.50695
1559 -5.51197
1560 -5.51698
1561 -5.52199
1562 -5.52701
1563 -5.53202
1564 -5.53703
1565 -5.54204
1566 -5.54706
1567 -5.55207
1568 -5.55708
1569 -5.56209
1570 -5.56711
1571 -5.57212
1572 -5.57713
1573 -5.58214
1574 -5.58716
1575 -5.59217
1576 -5.59718
1577 -5.60219
1578 -5.60721
1579 -5.61222
1580 -5.61723
1581 -5.62224
1582 -5.62726
1583 -5.63227
1584 -5.63728
1585 -5.64229
1586 -5.64731
1587 -5.65232
1588 -5.65733
1589 -5.66234
1590 -5.66736
1591 -5.67237
1592 -5.67738
1593 -5.68239
1594 -5.68741
1595 -5.69242
1596 -5.69743
1597 -5.70244
1598 -5.70746
1599 -5.71247
1600 -5.71748
1601 -5.72249
1602 -5.72751
1603 -5.73252
1604 -5.73753
1605 -5.74254
1606 -5.74756
1607 -5.75257
1608 -5.75758
1609 -5.76259
1610 -5.76761
1611 -5.77262
1612 -5.77763
1613 -5.78264
1614 -5.78766
1615 -5.79267
1616 -5.79768
1617 -5.80269
1618 -5.80771
1619 -5.81272
1620 -5.81773
1621 -5.82275
1622 -5.82776
1623 -5.83277
1624 -5.83778
1625 -5.8428
1626 -5.84781
1627 -5.85282
1628 -5.85783
1629 -5.86285
1630 -5.86786
1631 -5.87287
1632 -5.87788
1633 -5.8829
1634 -5.88791
1635 -5.89292
1636 -5.89793
1637 -5.90295
1638 -5.90796
1639 -5.91297
1640 -5.91798
1641 -5.923
1642 -5.92801
1643 -5.93302
1644 -5.93803
1645 -5.94305
1646 -5.94806
1647 -5.95307
1648 -5.95808
1649 -5.9631
1650 -5.96811
1651 -5.97312
1652 -5.97813
1653 -5.98315
1654 -5.98816
1655 -5.99317
1656 -5.99818
1657 -6.0032
1658 -6.00821
1659 -6.01322
1660 -6.01823
1661 -6.02325
1662 -6.02826
1663 -6.03327
1664 -6.03828
1665 -6.0433
1666 -6.04831
1667 -6.05332
1668 -6.05833
1669 -6.06335
1670 -6.06836
1671 -6.07337
1672 -6.07838
1673 -6.0834
1674 -6.08841
1675 -6.09342
1676 -6.09843
1677 -6.10345
1678 -6.10846
1679 -6.11347
1680 -6.11849
1681 -6.1235
1682 -6.12851
1683 -6.13352
1684 -6.13854
1685 -6.14355
1686 -6.14856
1687 -6.15357
1688 -6.15859
1689 -6.1636
1690 -6.16861
1691 -6.17362
1692 -6.17864
1693 -6.18365
1694 -6.18866
1695 -6.19367
1696 -6.19869
1697 -6.2037
1698 -6.20871
1699 -6.21372
1700 -6.21874
1701 -6.22375
1702 -6.22876
1703 -6.23377
1704 -6.23879
1705 -6.2438
1706 -6.24881
1707 -6.25382
1708 -6.25884
1709 -6.26385
1710 -6.26886
1711 -6.27387
1712 -6.27889
1713 -6.2839
1714 -6.28891
1715 -6.29392
1716 -6.29894
1717 -6.30395
1718 -6.30896
1719 -6.31397
1720 -6.31899
1721 -6.324
1722 -6.32901
1723 -6.33402
1724 -6.33904
1725 -6.34405
1726 -6.34906
1727 -6.35407
1728 -6.35909
1729 -6.3641
1730 -6.36911
1731 -6.37412
1732 -6.37914
1733 -6.38415
1734 -6.38916
1735 -6.39417
1736 -6.39919
1737 -6.4042
1738 -6.40921
1739 -6.41423
1740 -6.41924
1741 -6.42425
1742 -6.42926
1743 -6.43428
1744 -6.43929
1745 -6.4443
1746 -6.44931
1747 -6.45433
1748 -6.45934
1749 -6.46435
1750 -6.46936
1751 -6.47438
1752 -6.47939
1753 -6.4844
1754 -6.48941
1755 -6.49443
1756 -6.49944
1757 -6.50445
1758 -6.50946
1759 -6.51448
1760 -6.51949
1761 -6.5245
1762 -6.52951
1763 -6.53453
1764 -6.53954
1765 -6.54455
1766 -6.54956
1767 -6.55458
1768 -6.55959
1769 -6.5646
1770 -6.56961
1771 -6.57463
1772 -6.57964
1773 -6.58465
1774 -6.58966
1775 -6.59468
1776 -6.59969
1777 -6.6047
1778 -6.60971
1779 -6.61473
1780 -6.61974
1781 -6.62475
1782 -6.62976
1783 -6.63478
1784 -6.63979
1785 -6.6448
1786 -6.64981
1787 -6.65483
1788 -6.65984
1789 -6.66485
1790 -6.66986
1791 -6.67488
1792 -6.67989
1793 -6.6849
1794 -6.68991
1795 -6.69493
1796 -6.69994
1797 -6.70495
1798 -6.70997
1799 -6.71498
1800 -6.71999
1801 -6.725
1802 -6.73002
1803 -6.73503
1804 -6.74004
1805 -6.74505
1806 -6.75007
1807 -6.75508
1808 -6.76009
1809 -6.7651
1810 -6.77012
1811 -6.77513
1812 -6.78014
1813 -6.78515
1814 -6.79017
1815 -6.79518
1816 -6.80019
1817 -6.8052
1818 -6.81022
1819 -6.81523
1820 -6.82024
1821 -6.82525
1822 -6.83027
1823 -6.83528
1824 -6.84029
1825 -6.8453
1826 -6.85032
1827 -6.85533
1828 -6.86034
1829 -6.86535
1830 -6.87037
1831 -6.87538
1832 -6.88039
1833 -6.8854
1834 -6.89042
1835 -6.89543
1836 -6.90044
1837 -6.90545
1838 -6.91047
1839 -6.91548
1840 -6.92049
1841 -6.9255
1842 -6.93052
1843 -6.93553
1844 -6.94054
1845 -6.94555
1846 -6.95057
1847 -6.95558
1848 -6.96059
1849 -6.9656
1850 -6.97062
1851 -6.97563
1852 -6.98064
1853 -6.98565
1854 -6.99067
1855 -6.99568
1856 -7.00069
1857 -7.00571
1858 -7.01072
1859 -7.01573
1860 -7.02074
1861 -7.02576
1862 -7.03077
1863 -7.03578
1864 -7.04079
1865 -7.04581
1866 -7.05082
1867 -7.05583
1868 -7.06084
1869 -7.06586
1870 -7.07087
1871 -7.07588
1872 -7.08089
1873 -7.08591
1874 -7.09092
1875 -7.09593
1876 -7.10094
1877 -7.10596
1878 -7.11097
1879 -7.11598
1880 -7.12099
1881 -7.12601
1882 -7.13102
1883 -7.13603
1884 -7.14104
1885 -7.14606
1886 -7.15107
1887 -7.15608
1888 -7.16109
1889 -7.16611
1890 -7.17112
1891 -7.17613
1892 -7.18114
1893 -7.18616
1894 -7.19117
1895 -7.19618
1896 -7.20119
1897 -7.20621
1898 -7.21122
1899 -7.21623
1900 -7.22124
1901 -7.22626
1902 -7.23127
1903 -7.23628
1904 -7.24129
1905 -7.24631
1906 -7.25132
1907 -7.25633
1908 -7.26134
1909 -7.26636
1910 -7.27137
1911 -7.27638
1912 -7.28139
1913 -7.28641
1914 -7.29142
1915 -7.29643
1916 -7.30145
1917 -7.30646
1918 -7.31147
1919 -7.31648
1920 -7.3215
1921 -7.32651
1922 -7.33152
1923 -7.33653
1924 -7.34155
1925 -7.34656
1926 -7.35157
1927 -7.35658
1928 -7.3616
1929 -7.36661
1930 -7.37162
1931 -7.37663
1932 -7.38165
1933 -7.38666
1934 -7.39167
1935 -7.39668
1936 -7.4017
1937 -7.40671
1938 -7.41172
1939 -7.41673
1940 -7.42175
1941 -7.42676
1942 -7.43177
1943 -7.43678
1944 -7.4418
1945 -7.44681
1946 -7.45182
1947 -7.45683
1948 -7.46185
1949 -7.46686
1950 -7.47187
1951 -7.47688
1952 -7.4819
1953 -7.48691
1954 -7.49192
1955 -7.49693
1956 -7.50195
1957 -7.50696
1958 -7.51197
1959 -7.51698
1960 -7.522
1961 -7.52701
1962 -7.53202
1963 -7.53703
1964 -7.54205
1965 -7.54706
1966 -7.55207
1967 -7.55708
1968 -7.5621
1969 -7.56711
1970 -7.57212
1971 -7.57713
1972 -7.58215
1973 -7.58716
1974 -7.59217
1975 -7.59719
1976 -7.6022
1977 -7.60721
1978 -7.61222
1979 -7.61724
1980 -7.62225
1981 -7.62726
1982 -7.63227
1983 -7.63729
1984 -7.6423
1985 -7.64731
1986 -7.65232
1987 -7.65734
1988 -7.66235
1989 -7.66736
1990 -7.67237
1991 -7.67739
1992 -7.6824
1993 -7.68741
1994 -7.69242
1995 -7.69744
1996 -7.70245
1997 -7.70746
1998 -7.71247
1999 -7.71749
2000 -7.7225
2001 -7.72751
2002 -7.73252
2003 -7.73754
2004 -7.74255
2005 -7.74756
2006 -7.75257
2007 -7.75759
2008 -7.7626
2009 -7.76761
2010 -7.77262
2011 -7.77764
2012 -7.78265
2013 -7.78766
2014 -7.79267
2015 -7.79769
2016 -7.8027
2017 -7.80771
2018 -7.81272
2019 -7.81774
2020 -7.82275
2021 -7.82776
2022 -7.83277
2023 -7.83779
2024 -7.8428
2025 -7.84781
2026 -7.85282
2027 -7.85784
2028 -7.86285
2029 -7.86786
2030 -7.87287
2031 -7.87789
2032 -7.8829
2033 -7.88791
2034 -7.89292
2035 -7.89794
2036 -7.90295
2037 -7.90796
2038 -7.91298
2039 -7.91799
2040 -7.923
2041 -7.92801
2042 -7.93303
2043 -7.93804
2044 -7.94305
2045 -7.94806
2046 -7.95308
2047 -7.95809
2048 -7.9631
2049 -7.96811
2050 -7.97313
2051 -7.97814
2052 -7.98315
2053 -7.98816
2054 -7.99318
2055 -7.99819
2056 -8.0032
2057 -8.00821
2058 -8.01323
2059 -8.01824
2060 -8.02325
2061 -8.02826
2062 -8.03328
2063 -8.03829
2064 -8.0433
2065 -8.04831
2066 -8.05333
2067 -8.05834
2068 -8.06335
2069 -8.06836
2070 -8.07338
2071 -8.07839
2072 -8.0834
2073 -8.08841
2074 -8.09343
2075 -8.09844
2076 -8.10345
2077 -8.10846
2078 -8.11348
2079 -8.11849
2080 -8.1235
2081 -8.12851
2082 -8.13353
2083 -8.13854
2084 -8.14355
2085 -8.14856
2086 -8.15358
2087 -8.15859
2088 -8.1636
2089 -8.16861
2090 -8.17363
2091 -8.17864
2092 -8.18365
2093 -8.18866
2094 -8.19368
2095 -8.19869
2096 -8.2037
2097 -8.20872
2098 -8.21373
2099 -8.21874
2100 -8.22375
2101 -8.22877
2102 -8.23378
2103 -8.23879
2104 -8.2438
2105 -8.24882
2106 -8.25383
2107 -8.25884
2108 -8.26385
2109 -8.26887
2110 -8.27388
2111 -8.27889
2112 -8.2839
2113 -8.28892
2114 -8.29393
2115 -8.29894
2116 -8.30395
2117 -8.30897
2118 -8.31398
2119 -8.31899
2120 -8.324
2121 -8.32902
2122 -8.33403
2123 -8.33904
2124 -8.34405
2125 -8.34907
2126 -8.35408
2127 -8.35909
2128 -8.3641
2129 -8.36912
2130 -8.37413
2131 -8.37914
2132 -8.38415
2133 -8.38917
2134 -8.39418
2135 -8.39919
2136 -8.4042
2137 -8.40922
2138 -8.41423
2139 -8.41924
2140 -8.42425
2141 -8.42927
2142 -8.43428
2143 -8.43929
2144 -8.4443
2145 -8.44932
2146 -8.45433
2147 -8.45934
2148 -8.46435
2149 -8.46937
2150 -8.47438
2151 -8.47939
2152 -8.4844
2153 -8.48942
2154 -8.49443
2155 -8.49944
2156 -8.50446
2157 -8.50947
2158 -8.51448
2159 -8.51949
2160 -8.52451
2161 -8.52952
2162 -8.53453
2163 -8.53954
2164 -8.54456
2165 -8.54957
2166 -8.55458
2167 -8.55959
2168 -8.56461
2169 -8.56962
2170 -8.57463
2171 -8.57964
2172 -8.58466
2173 -8.58967
2174 -8.59468
2175 -8.59969
2176 -8.60471
2177 -8.60972
2178 -8.61473
2179 -8.61974
2180 -8.62476
2181 -8.62977
2182 -8.63478
2183 -8.63979
2184 -8.64481
2185 -8.64982
2186 -8.65483
2187 -8.65984
2188 -8.66486
2189 -8.66987
2190 -8.67488
2191 -8.67989
2192 -8.68491
2193 -8.68992
2194 -8.69493
2195 -8.69994
2196 -8.70496
2197 -8.70997
2198 -8.71498
2199 -8.71999
2200 -8.72501
2201 -8.73002
2202 -8.73503
2203 -8.74004
2204 -8.74506
2205 -8.75007
2206 -8.75508
2207 -8.76009
2208 -8.76511
2209 -8.77012
2210 -8.77513
2211 -8.78014
2212 -8.78516
2213 -8.79017
2214 -8.79518
2215 -8.8002
2216 -8.80521
2217 -8.81022
2218 -8.81523
2219 -8.82025
2220 -8.82526
2221 -8.83027
2222 -8.83528
2223 -8.8403
2224 -8.84531
2225 -8.85032
2226 -8.85533
2227 -8.86035
2228 -8.86536
2229 -8.87037
2230 -8.87538
2231 -8.8804
2232 -8.88541
2233 -8.89042
2234 -8.89543
2235 -8.90045
2236 -8.90546
2237 -8.91047
2238 -8.91548
2239 -8.9205
2240 -8.92551
2241 -8.93052
2242 -8.93553
2243 -8.94055
2244 -8.94556
2245 -8.95057
2246 -8.95558
2247 -8.9606
2248 -8.96561
2249 -8.97062
2250 -8.97563
2251 -8.98065
2252 -8.98566
2253 -8.99067
2254 -8.99568
2255 -9.0007
2256 -9.00571
2257 -9.01072
2258 -9.01573
2259 -9.02075
2260 -9.02576
2261 -9.03077
2262 -9.03578
2263 -9.0408
2264 -9.04581
2265 -9.05082
2266 -9.05583
2267 -9.06085
2268 -9.06586
2269 -9.07087
2270 -9.07588
2271 -9.0809
2272 -9.08591
2273 -9.09092
2274 -9.09594
2275 -9.10095
2276 -9.10596
2277 -9.11097
2278 -9.11599
2279 -9.121
2280 -9.12601
2281 -9.13102
2282 -9.13604
2283 -9.14105
2284 -9.14606
2285 -9.15107
2286 -9.15609
2287 -9.1611
2288 -9.16611
2289 -9.17112
2290 -9.17614
2291 -9.18115
2292 -9.18616
2293 -9.19117
2294 -9.19619
2295 -9.2012
2296 -9.20621
2297 -9.21122
2298 -9.21624
2299 -9.22125
2300 -9.22626
2301 -9.23127
2302 -9.23629
2303 -9.2413
2304 -9.24631
2305 -9.25132
2306 -9.25634
2307 -9.26135
2308 -9.26636
2309 -9.27137
2310 -9.27639
2311 -9.2814
2312 -9.28641
2313 -9.29142
2314 -9.29644
2315 -9.30145
2316 -9.30646
2317 -9.31147
2318 -9.31649
2319 -9.3215
2320 -9.32651
2321 -9.33152
2322 -9.33654
2323 -9.34155
2324 -9.34656
2325 -9.35157
2326 -9.35659
2327 -9.3616
2328 -9.36661
2329 -9.37162
2330 -9.37664
2331 -9.38165
2332 -9.38666
2333 -9.39167
2334 -9.39669
2335 -9.4017
2336 -9.40671
2337 -9.41173
2338 -9.41674
2339 -9.42175
2340 -9.42676
2341 -9.43178
2342 -9.43679
2343 -9.4418
2344 -9.44681
2345 -9.45183
2346 -9.45684
2347 -9.46185
2348 -9.46686
2349 -9.47188
2350 -9.47689
2351 -9.4819
2352 -9.48691
2353 -9.49193
2354 -9.49694
2355 -9.50195
2356 -9.50696
2357 -9.51198
2358 -9.51699
2359 -9.522
2360 -9.52701
2361 -9.53203
2362 -9.53704
2363 -9.54205
2364 -9.54706
2365 -9.55208
2366 -9.55709
2367 -9.5621
2368 -9.56711
2369 -9.57213
2370 -9.57714
2371 -9.58215
2372 -9.58716
2373 -9.59218
2374 -9.59719
2375 -9.6022
2376 -9.60721
2377 -9.61223
2378 -9.61724
2379 -9.62225
2380 -9.62726
2381 -9.63228
2382 -9.63729
2383 -9.6423
2384 -9.64731
2385 -9.65233
2386 -9.65734
2387 -9.66235
2388 -9.66736
2389 -9.67238
2390 -9.67739
2391 -9.6824
2392 -9.68741
2393 -9.69243
2394 -9.69744
2395 -9.70245
2396 -9.70747
2397 -9.71248
2398 -9.71749
2399 -9.7225
2400 -9.72752
2401 -9.73253
2402 -9.73754
2403 -9.74255
2404 -9.74757
2405 -9.75258
2406 -9.75759
2407 -9.7626
2408 -9.76762
2409 -9.77263
2410 -9.77764
2411 -9.78265
2412 -9.78767
2413 -9.79268
2414 -9.79769
2415 -9.8027
2416 -9.80772
2417 -9.81273
2418 -9.81774
2419 -9.82275
2420 -9.82777
2421 -9.83278
2422 -9.83779
2423 -9.8428
2424 -9.84782
2425 -9.85283
2426 -9.85784
2427 -9.86285
2428 -9.86787
2429 -9.87288
2430 -9.87789
2431 -9.8829
2432 -9.88792
2433 -9.89293
2434 -9.89794
2435 -9.90295
2436 -9.90797
2437 -9.91298
2438 -9.91799
2439 -9.923
2440 -9.92802
2441 -9.93303
2442 -9.93804
2443 -9.94305
2444 -9.94807
2445 -9.95308
2446 -9.95809
2447 -9.9631
2448 -9.96812
2449 -9.97313
2450 -9.97814
2451 -9.98315
2452 -9.98817
2453 -9.99318
2454 -9.99819
2455 -10.0032
2456 -10.0082
2457 -10.0132
2458 -10.0182
2459 -10.0233
2460 -10.0283
2461 -10.0333
2462 -10.0383
2463 -10.0433
2464 -10.0483
2465 -10.0533
2466 -10.0583
2467 -10.0634
2468 -10.0684
2469 -10.0734
2470 -10.0784
2471 -10.0834
2472 -10.0884
2473 -10.0934
2474 -10.0984
2475 -10.1035
2476 -10.1085
2477 -10.1135
2478 -10.1185
2479 -10.1235
2480 -10.1285
2481 -10.1335
2482 -10.1385
2483 -10.1436
2484 -10.1486
2485 -10.1536
2486 -10.1586
2487 -10.1636
2488 -10.1686
2489 -10.1736
2490 -10.1786
2491 -10.1837
2492 -10.1887
2493 -10.1937
2494 -10.1987
2495 -10.2037
2496 -10.2087
2497 -10.2137
2498 -10.2187
2499 -10.2238
2500 -10.2288
2501 -10.2338
2502 -10.2388
2503 -10.2438
2504 -10.2488
2505 -10.2538
2506 -10.2588
2507 -10.2639
2508 -10.2689
2509 -10.2739
2510 -10.2789
2511 -10.2839
2512 -10.2889
2513 -10.2939
2514 -10.2989
2515 -10.304
2516 -10.309
2517 -10.314
2518 -10.319
2519 -10.324
2520 -10.329
2521 -10.334
2522 -10.339
2523 -10.3441
2524 -10.3491
2525 -10.3541
2526 -10.3591
2527 -10.3641
2528 -10.3691
2529 -10.3741
2530 -10.3791
2531 -10.3842
2532 -10.3892
2533 -10.3942
2534 -10.3992
2535 -10.4042
2536 -10.4092
2537 -10.4142
2538 -10.4192
2539 -10.4243
2540 -10.4293
2541 -10.4343
2542 -10.4393
2543 -10.4443
2544 -10.4493
2545 -10.4543
2546 -10.4593
2547 -10.4644
2548 -10.4694
2549 -10.4744
2550 -10.4794
2551 -10.4844
2552 -10.4894
2553 -10.4944
2554 -10.4994
2555 -10.5045
2556 -10.5095
2557 -10.5145
2558 -10.5195
2559 -10.5245
2560 -10.5295
2561 -10.5345
2562 -10.5395
2563 -10.5446
2564 -10.5496
2565 -10.5546
2566 -10.5596
2567 -10.5646
2568 -10.5696
2569 -10.5746
2570 -10.5796
2571 -10.5847
2572 -10.5897
2573 -10.5947
2574 -10.5997
2575 -10.6047
2576 -10.6097
2577 -10.6147
2578 -10.6197
2579 -10.6248
2580 -10.6298
2581 -10.6348
2582 -10.6398
2583 -10.6448
2584 -10.6498
2585 -10.6548
2586 -10.6598
2587 -10.6649
2588 -10.6699
2589 -10.6749
2590 -10.6799
2591 -10.6849
2592 -10.6899
2593 -10.6949
2594 -10.6999
2595 -10.705
2596 -10.71
2597 -10.715
2598 -10.72
2599 -10.725
2600 -10.73
2601 -10.735
2602 -10.74
2603 -10.7451
2604 -10.7501
2605 -10.7551
2606 -10.7601
2607 -10.7651
2608 -10.7701
2609 -10.7751
2610 -10.7801
2611 -10.7852
2612 -10.7902
2613 -10.7952
2614 -10.8002
2615 -10.8052
2616 -10.8102
2617 -10.8152
2618 -10.8202
2619 -10.8253
2620 -10.8303
2621 -10.8353
2622 -10.8403
2623 -10.8453
2624 -10.8503
2625 -10.8553
2626 -10.8603
2627 -10.8654
2628 -10.8704
2629 -10.8754
2630 -10.8804
2631 -10.8854
2632 -10.8904
2633 -10.8954
2634 -10.9005
2635 -10.9055
2636 -10.9105
2637 -10.9155
2638 -10.9205
2639 -10.9255
2640 -10.9305
2641 -10.9355
2642 -10.9406
2643 -10.9456
2644 -10.9506
2645 -10.9556
2646 -10.9606
2647 -10.9656
2648 -10.9706
2649 -10.9756
2650 -10.9807
2651 -10.9857
2652 -10.9907
2653 -10.9957
2654 -11.0007
2655 -11.0057
2656 -11.0107
2657 -11.0157
2658 -11.0208
2659 -11.0258
2660 -11.0308
2661 -11.0358
2662 -11.0408
2663 -11.0458
2664 -11.0508
2665 -11.0558
2666 -11.0609
2667 -11.0659
2668 -11.0709
2669 -11.0759
2670 -11.0809
2671 -11.0859
2672 -11.0909
2673 -11.0959
2674 -11.101
2675 -11.106
2676 -11.111
2677 -11.116
2678 -11.121
2679 -11.126
2680 -11.131
2681 -11.136
2682 -11.1411
2683 -11.1461
2684 -11.1511
2685 -11.1561
2686 -11.1611
2687 -11.1661
2688 -11.1711
2689 -11.1761
2690 -11.1812
2691 -11.1862
2692 -11.1912
2693 -11.1962
2694 -11.2012
2695 -11.2062
2696 -11.2112
2697 -11.2162
2698 -11.2213
2699 -11.2263
2700 -11.2313
2701 -11.2363
2702 -11.2413
2703 -11.2463
2704 -11.2513
2705 -11.2563
2706 -11.2614
2707 -11.2664
2708 -11.2714
2709 -11.2764
2710 -11.2814
2711 -11.2864
2712 -11.2914
2713 -11.2964
2714 -11.3015
2715 -11.3065
2716 -11.3115
2717 -11.3165
2718 -11.3215
2719 -11.3265
2720 -11.3315
2721 -11.3365
2722 -11.3416
2723 -11.3466
2724 -11.3516
2725 -11.3566
2726 -11.3616
2727 -11.3666
2728 -11.3716
2729 -11.3766
2730 -11.3817
2731 -11.3867
2732 -11.3917
2733 -11.3967
2734 -11.4017
2735 -11.4067
2736 -11.4117
2737 -11.4167
2738 -11.4218
2739 -11.4268
2740 -11.4318
2741 -11.4368
2742 -11.4418
2743 -11.4468
2744 -11.4518
2745 -11.4568
2746 -11.4619
2747 -11.4669
2748 -11.4719
2749 -11.4769
2750 -11.4819
2751 -11.4869
2752 -11.4919
2753 -11.4969
2754 -11.502
2755 -11.507
2756 -11.512
2757 -11.517
2758 -11.522
2759 -11.527
2760 -11.532
2761 -11.537
2762 -11.5421
2763 -11.5471
2764 -11.5521
2765 -11.5571
2766 -11.5621
2767 -11.5671
2768 -11.5721
2769 -11.5771
2770 -11.5822
2771 -11.5872
2772 -11.5922
2773 -11.5972
2774 -11.6022
2775 -11.6072
2776 -11.6122
2777 -11.6172
2778 -11.6223
2779 -11.6273
2780 -11.6323
2781 -11.6373
2782 -11.6423
2783 -11.6473
2784 -11.6523
2785 -11.6573
2786 -11.6624
2787 -11.6674
2788 -11.6724
2789 -11.6774
2790 -11.6824
2791 -11.6874
2792 -11.6924
2793 -11.6974
2794 -11.7025
2795 -11.7075
2796 -11.7125
2797 -11.7175
2798 -11.7225
2799 -11.7275
2800 -11.7325
2801 -11.7375
2802 -11.7426
2803 -11.7476
2804 -11.7526
2805 -11.7576
2806 -11.7626
2807 -11.7676
2808 -11.7726
2809 -11.7776
2810 -11.7827
2811 -11.7877
2812 -11.7927
2813 -11.7977
2814 -11.8027
2815 -11.8077
2816 -11.8127
2817 -11.8177
2818 -11.8228
2819 -11.8278
2820 -11.8328
2821 -11.8378
2822 -11.8428
2823 -11.8478
2824 -11.8528
2825 -11.8578
2826 -11.8629
2827 -11.8679
2828 -11.8729
2829 -11.8779
2830 -11.8829
2831 -11.8879
2832 -11.8929
2833 -11.8979
2834 -11.903
2835 -11.908
2836 -11.913
2837 -11.918
2838 -11.923
2839 -11.928
2840 -11.933
2841 -11.938
2842 -11.9431
2843 -11.9481
2844 -11.9531
2845 -11.9581
2846 -11.9631
2847 -11.9681
2848 -11.9731
2849 -11.9781
2850 -11.9832
2851 -11.9882
2852 -11.9932
2853 -11.9982
2854 -12.0032
2855 -12.0082
2856 -12.0132
2857 -12.0182
2858 -12.0233
2859 -12.0283
2860 -12.0333
2861 -12.0383
2862 -12.0433
2863 -12.0483
2864 -12.0533
2865 -12.0583
2866 -12.0634
2867 -12.0684
2868 -12.0734
2869 -12.0784
2870 -12.0834
2871 -12.0884
2872 -12.0934
2873 -12.0984
2874 -12.1035
2875 -12.1085
2876 -12.1135
2877 -12.1185
2878 -12.1235
2879 -12.1285
2880 -12.1335
2881 -12.1385
2882 -12.1436
2883 -12.1486
2884 -12.1536
2885 -12.1586
2886 -12.1636
2887 -12.1686
2888 -12.1736
2889 -12.1786
2890 -12.1837
2891 -12.1887
2892 -12.1937
2893 -12.1987
2894 -12.2037
2895 -12.2087
2896 -12.2137
2897 -12.2187
2898 -12.2238
2899 -12.2288
2900 -12.2338
2901 -12.2388
2902 -12.2438
2903 -12.2488
2904 -12.2538
2905 -12.2588
2906 -12.2639
2907 -12.2689
2908 -12.2739
2909 -12.2789
2910 -12.2839
2911 -12.2889
2912 -12.2939
2913 -12.2989
2914 -12.304
2915 -12.309
2916 -12.314
2917 -12.319
2918 -12.324
2919 -12.329
2920 -12.334
2921 -12.339
2922 -12.3441
2923 -12.3491
2924 -12.3541
2925 -12.3591
2926 -12.3641
2927 -12.3691
2928 -12.3741
2929 -12.3791
2930 -12.3842
2931 -12.3892
2932 -12.3942
2933 -12.3992
2934 -12.4042
2935 -12.4092
2936 -12.4142
2937 -12.4193
2938 -12.4243
2939 -12.4293
2940 -12.4343
2941 -12.4393
2942 -12.4443
2943 -12.4493
2944 -12.4543
2945 -12.4594
2946 -12.4644
2947 -12.4694
2948 -12.4744
2949 -12.4794
2950 -12.4844
2951 -12.4894
2952 -12.4944
2953 -12.4995
2954 -12.5045
2955 -12.5095
2956 -12.5145
2957 -12.5195
2958 -12.5245
2959 -12.5295
2960 -12.5345
2961 -12.5396
2962 -12.5446
2963 -12.5496
2964 -12.5546
2965 -12.5596
2966 -12.5646
2967 -12.5696
2968 -12.5746
2969 -12.5797
2970 -12.5847
2971 -12.5897
2972 -12.5947
2973 -12.5997
2974 -12.6047
2975 -12.6097
2976 -12.6147
2977 -12.6198
2978 -12.6248
2979 -12.6298
2980 -12.6348
2981 -12.6398
2982 -12.6448
2983 -12.6498
2984 -12.6548
2985 -12.6599
2986 -12.6649
2987 -12.6699
2988 -12.6749
2989 -12.6799
2990 -12.6849
2991 -12.6899
2992 -12.6949
2993 -12.7
2994 -12.705
2995 -12.71
2996 -12.715
2997 -12.72
2998 -12.725
2999 -12.73
3000 -12.735
3001 -12.7401
3002 -12.7451
3003 -12.7501
3004 -12.7551
3005 -12.7601
3006 -12.7651
3007 -12.7701
3008 -12.7751
3009 -12.7802
3010 -12.7852
3011 -12.7902
3012 -12.7952
3013 -12.8002
3014 -12.8052
3015 -12.8102
3016 -12.8152
3017 -12.8203
3018 -12.8253
3019 -12.8303
3020 -12.8353
3021 -12.8403
3022 -12.8453
3023 -12.8503
3024 -12.8553
3025 -12.8604
3026 -12.8654
3027 -12.8704
3028 -12.8754
3029 -12.8804
3030 -12.8854
3031 -12.8904
3032 -12.8954
3033 -12.9005
3034 -12.9055
3035 -12.9105
3036 -12.9155
3037 -12.9205
3038 -12.9255
3039 -12.9305
3040 -12.9355
3041 -12.9406
3042 -12.9456
3043 -12.9506
3044 -12.9556
3045 -12.9606
3046 -12.9656
3047 -12.9706
3048 -12.9756
3049 -12.9807
3050 -12.9857
3051 -12.9907
3052 -12.9957
3053 -13.0007
3054 -13.0057
3055 -13.0107
3056 -13.0157
3057 -13.0208
3058 -13.0258
3059 -13.0308
3060 -13.0358
3061 -13.0408
3062 -13.0458
3063 -13.0508
3064 -13.0558
3065 -13.0609
3066 -13.0659
3067 -13.0709
3068 -13.0759
3069 -13.0809
3070 -13.0859
3071 -13.0909
3072 -13.0959
3073 -13.101
3074 -13.106
3075 -13.111
3076 -13.116
3077 -13.121
3078 -13.126
3079 -13.131
3080 -13.136
3081 -13.1411
3082 -13.1461
3083 -13.1511
3084 -13.1561
3085 -13.1611
3086 -13.1661
3087 -13.1711
3088 -13.1761
3089 -13.1812
3090 -13.1862
3091 -13.1912
3092 -13.1962
3093 -13.2012
3094 -13.2062
3095 -13.2112
3096 -13.2162
3097 -13.2213
3098 -13.2263
3099 -13.2313
3100 -13.2363
3101 -13.2413
3102 -13.2463
3103 -13.2513
3104 -13.2563
3105 -13.2614
3106 -13.2664
3107 -13.2714
3108 -13.2764
3109 -13.2814
3110 -13.2864
3111 -13.2914
3112 -13.2964
3113 -13.3015
3114 -13.3065
3115 -13.3115
3116 -13.3165
3117 -13.3215
3118 -13.3265
3119 -13.3315
3120 -13.3365
3121 -13.3416
3122 -13.3466
3123 -13.3516
3124 -13.3566
3125 -13.3616
3126 -13.3666
3127 -13.3716
3128 -13.3766
3129 -13.3817
3130 -13.3867
3131 -13.3917
3132 -13.3967
3133 -13.4017
3134 -13.4067
3135 -13.4117
3136 -13.4167
3137 -13.4218
3138 -13.4268
3139 -13.4318
3140 -13.4368
3141 -13.4418
3142 -13.4468
3143 -13.4518
3144 -13.4568
3145 -13.4619
3146 -13.4669
3147 -13.4719
3148 -13.4769
3149 -13.4819
3150 -13.4869
3151 -13.4919
3152 -13.4969
3153 -13.502
3154 -13.507
3155 -13.512
3156 -13.517
3157 -13.522
3158 -13.527
3159 -13.532
3160 -13.537
3161 -13.5421
3162 -13.5471
3163 -13.5521
3164 -13.5571
3165 -13.5621
3166 -13.5671
3167 -13.5721
3168 -13.5771
3169 -13.5822
3170 -13.5872
3171 -13.5922
3172 -13.5972
3173 -13.6022
3174 -13.6072
3175 -13.6122
3176 -13.6172
3177 -13.6223
3178 -13.6273
3179 -13.6323
3180 -13.6373
3181 -13.6423
3182 -13.6473
3183 -13.6523
3184 -13.6573
3185 -13.6624
3186 -13.6674
3187 -13.6724
3188 -13.6774
3189 -13.6824
3190 -13.6874
3191 -13.6924
3192 -13.6974
3193 -13.7025
3194 -13.7075
3195 -13.7125
3196 -13.7175
3197 -13.7225
3198 -13.7275
3199 -13.7325
3200 -13.7375
3201 -13.7426
3202 -13.7476
3203 -13.7526
3204 -13.7576
3205 -13.7626
3206 -13.7676
3207 -13.7726
3208 -13.7776
3209 -13.7827
3210 -13.7877
3211 -13.7927
3212 -13.7977
3213 -13.8027
3214 -13.8077
3215 -13.8127
3216 -13.8177
3217 -13.8228
3218 -13.8278
3219 -13.8328
3220 -13.8378
3221 -13.8428
3222 -13.8478
3223 -13.8528
3224 -13.8578
3225 -13.8629
3226 -13.8679
3227 -13.8729
3228 -13.8779
3229 -13.8829
3230 -13.8879
3231 -13.8929
3232 -13.898
3233 -13.903
3234 -13.908
3235 -13.913
3236 -13.918
3237 -13.923
3238 -13.928
3239 -13.933
3240 -13.9381
3241 -13.9431
3242 -13.9481
3243 -13.9531
3244 -13.9581
3245 -13.9631
3246 -13.9681
3247 -13.9731
3248 -13.9782
3249 -13.9832
3250 -13.9882
3251 -13.9932
3252 -13.9982
3253 -14.0032
3254 -14.0082
3255 -14.0132
3256 -14.0183
3257 -14.0233
3258 -14.0283
3259 -14.0333
3260 -14.0383
3261 -14.0433
3262 -14.0483
3263 -14.0533
3264 -14.0584
3265 -14.0634
3266 -14.0684
3267 -14.0734
3268 -14.0784
3269 -14.0834
3270 -14.0884
3271 -14.0934
3272 -14.0985
3273 -14.1035
3274 -14.1085
3275 -14.1135
3276 -14.1185
3277 -14.1235
3278 -14.1285
3279 -14.1335
3280 -14.1386
3281 -14.1436
3282 -14.1486
3283 -14.1536
3284 -14.1586
3285 -14.1636
3286 -14.1686
3287 -14.1736
3288 -14.1787
3289 -14.1837
3290 -14.1887
3291 -14.1937
3292 -14.1987
3293 -14.2037
3294 -14.2087
3295 -14.2137
3296 -14.2188
3297 -14.2238
3298 -14.2288
3299 -14.2338
3300 -14.2388
3301 -14.2438
3302 -14.2488
3303 -14.2538
3304 -14.2589
3305 -14.2639
3306 -14.2689
3307 -14.2739
3308 -14.2789
3309 -14.2839
3310 -14.2889
3311 -14.2939
3312 -14.299
3313 -14.304
3314 -14.309
3315 -14.314
3316 -14.319
3317 -14.324
3318 -14.329
3319 -14.334
3320 -14.3391
3321 -14.3441
3322 -14.3491
3323 -14.3541
3324 -14.3591
3325 -14.3641
3326 -14.3691
3327 -14.3741
3328 -14.3792
3329 -14.3842
3330 -14.3892
3331 -14.3942
3332 -14.3992
3333 -14.4042
3334 -14.4092
3335 -14.4142
3336 -14.4193
3337 -14.4243
3338 -14.4293
3339 -14.4343
3340 -14.4393
3341 -14.4443
3342 -14.4493
3343 -14.4543
3344 -14.4594
3345 -14.4644
3346 -14.4694
3347 -14.4744
3348 -14.4794
3349 -14.4844
3350 -14.4894
3351 -14.4944
3352 -14.4995
3353 -14.5045
3354 -14.5095
3355 -14.5145
3356 -14.5195
3357 -14.5245
3358 -14.5295
3359 -14.5345
3360 -14.5396
3361 -14.5446
3362 -14.5496
3363 -14.5546
3364 -14.5596
3365 -14.5646
3366 -14.5696
3367 -14.5746
3368 -14.5797
3369 -14.5847
3370 -14.5897
3371 -14.5947
3372 -14.5997
3373 -14.6047
3374 -14.6097
3375 -14.6147
3376 -14.6198
3377 -14.6248
3378 -14.6298
3379 -14.6348
3380 -14.6398
3381 -14.6448
3382 -14.6498
3383 -14.6548
3384 -14.6599
3385 -14.6649
3386 -14.6699
3387 -14.6749
3388 -14.6799
3389 -14.6849
3390 -14.6899
3391 -14.6949
3392 -14.7
3393 -14.705
3394 -14.71
3395 -14.715
3396 -14.72
3397 -14.725
3398 -14.73
3399 -14.735
3400 -14.7401
3401 -14.7451
3402 -14.7501
3403 -14.7551
3404 -14.7601
3405 -14.7651
3406 -14.7701
3407 -14.7751
3408 -14.7802
3409 -14.7852
3410 -14.7902
3411 -14.7952
3412 -14.8002
3413 -14.8052
3414 -14.8102
3415 -14.8152
3416 -14.8203
3417 -14.8253
3418 -14.8303
3419 -14.8353
3420 -14.8403
3421 -14.8453
3422 -14.8503
3423 -14.8553
3424 -14.8604
3425 -14.8654
3426 -14.8704
3427 -14.8754
3428 -14.8804
3429 -14.8854
3430 -14.8904
3431 -14.8954
3432 -14.9005
3433 -14.9055
3434 -14.9105
3435 -14.9155
3436 -14.9205
3437 -14.9255
3438 -14.9305
3439 -14.9355
3440 -14.9406
3441 -14.9456
3442 -14.9506
3443 -14.9556
3444 -14.9606
3445 -14.9656
3446 -14.9706
3447 -14.9756
3448 -14.9807
3449 -14.9857
3450 -14.9907
3451 -14.9957
3452 -15.0007
3453 -15.0057
3454 -15.0107
3455 -15.0157
3456 -15.0208
3457 -15.0258
3458 -15.0308
3459 -15.0358
3460 -15.0408
3461 -15.0458
3462 -15.0508
3463 -15.0558
3464 -15.0609
3465 -15.0659
3466 -15.0709
3467 -15.0759
3468 -15.0809
3469 -15.0859
3470 -15.0909
3471 -15.0959
3472 -15.101
3473 -15.106
3474 -15.111
3475 -15.116
3476 -15.121
3477 -15.126
3478 -15.131
3479 -15.136
3480 -15.1411
3481 -15.1461
3482 -15.1511
3483 -15.1561
3484 -15.1611
3485 -15.1661
3486 -15.1711
3487 -15.1761
3488 -15.1812
3489 -15.1862
3490 -15.1912
3491 -15.1962
3492 -15.2012
3493 -15.2062
3494 -15.2112
3495 -15.2162
3496 -15.2213
3497 -15.2263
3498 -15.2313
3499 -15.2363
3500 -15.2413
3501 -15.2463
3502 -15.2513
3503 -15.2563
3504 -15.2614
3505 -15.2664
3506 -15.2714
3507 -15.2764
3508 -15.2814
3509 -15.2864
3510 -15.2914
3511 -15.2964
3512 -15.3015
3513 -15.3065
3514 -15.3115
3515 -15.3165
3516 -15.3215
3517 -15.3265
3518 -15.3315
3519 -15.3365
3520 -15.3416
3521 -15.3466
3522 -15.3516
3523 -15.3566
3524 -15.3616
3525 -15.3666
3526 -15.3716
3527 -15.3766
3528 -15.3817
3529 -15.3867
3530 -15.3917
3531 -15.3967
3532 -15.4017
3533 -15.4067
3534 -15.4117
3535 -15.4168
3536 -15.4218
3537 -15.4268
3538 -15.4318
3539 -15.4368
3540 -15.4418
3541 -15.4468
3542 -15.4518
3543 -15.4569
3544 -15.4619
3545 -15.4669
3546 -15.4719
3547 -15.4769
3548 -15.4819
3549 -15.4869
3550 -15.4919
3551 -15.497
3552 -15.502
3553 -15.507
3554 -15.512
3555 -15.517
3556 -15.522
3557 -15.527
3558 -15.532
3559 -15.5371
3560 -15.5421
3561 -15.5471
3562 -15.5521
3563 -15.5571
3564 -15.5621
3565 -15.5671
3566 -15.5721
3567 -15.5772
3568 -15.5822
3569 -15.5872
3570 -15.5922
3571 -15.5972
3572 -15.6022
3573 -15.6072
3574 -15.6122
3575 -15.6173
3576 -15.6223
3577 -15.6273
3578 -15.6323
3579 -15.6373
3580 -15.6423
3581 -15.6473
3582 -15.6523
3583 -15.6574
3584 -15.6624
3585 -15.6674
3586 -15.6724
3587 -15.6774
3588 -15.6824
3589 -15.6874
3590 -15.6924
3591 -15.6975
3592 -15.7025
3593 -15.7075
3594 -15.7125
3595 -15.7175
3596 -15.7225
3597 -15.7275
3598 -15.7325
3599 -15.7376
3600 -15.7426
3601 -15.7476
3602 -15.7526
3603 -15.7576
3604 -15.7626
3605 -15.7676
3606 -15.7726
3607 -15.7777
3608 -15.7827
3609 -15.7877
3610 -15.7927
3611 -15.7977
3612 -15.8027
3613 -15.8077
3614 -15.8127
3615 -15.8178
3616 -15.8228
3617 -15.8278
3618 -15.8328
3619 -15.8378
3620 -15.8428
3621 -15.8478
3622 -15.8528
3623 -15.8579
3624 -15.8629
3625 -15.8679
3626 -15.8729
3627 -15.8779
3628 -15.8829
3629 -15.8879
3630 -15.8929
3631 -15.898
3632 -15.903
3633 -15.908
3634 -15.913
3635 -15.918
3636 -15.923
3637 -15.928
3638 -15.933
3639 -15.9381
3640 -15.9431
3641 -15.9481
3642 -15.9531
3643 -15.9581
3644 -15.9631
3645 -15.9681
3646 -15.9731
3647 -15.9782
3648 -15.9832
3649 -15.9882
3650 -15.9932
3651 -15.9982
3652 -16.0032
3653 -16.0082
3654 -16.0132
3655 -16.0183
3656 -16.0233
3657 -16.0283
3658 -16.0333
3659 -16.0383
3660 -16.0433
3661 -16.0483
3662 -16.0533
3663 -16.0584
3664 -16.0634
3665 -16.0684
3666 -16.0734
3667 -16.0784
3668 -16.0834
3669 -16.0884
3670 -16.0934
3671 -16.0985
3672 -16.1035
3673 -16.1085
3674 -16.1135
3675 -16.1185
3676 -16.1235
3677 -16.1285
3678 -16.1335
3679 -16.1386
3680 -16.1436
3681 -16.1486
3682 -16.1536
3683 -16.1586
3684 -16.1636
3685 -16.1686
3686 -16.1736
3687 -16.1787
3688 -16.1837
3689 -16.1887
3690 -16.1937
3691 -16.1987
3692 -16.2037
3693 -16.2087
3694 -16.2137
3695 -16.2188
3696 -16.2238
3697 -16.2288
3698 -16.2338
3699 -16.2388
3700 -16.2438
3701 -16.2488
3702 -16.2538
3703 -16.2589
3704 -16.2639
3705 -16.2689
3706 -16.2739
3707 -16.2789
3708 -16.2839
3709 -16.2889
3710 -16.2939
3711 -16.299
3712 -16.304
3713 -16.309
3714 -16.314
3715 -16.319
3716 -16.324
3717 -16.329
3718 -16.334
3719 -16.3391
3720 -16.3441
3721 -16.3491
3722 -16.3541
3723 -16.3591
3724 -16.3641
3725 -16.3691
3726 -16.3741
3727 -16.3792
3728 -16.3842
3729 -16.3892
3730 -16.3942
3731 -16.3992
3732 -16.4042
3733 -16.4092
3734 -16.4142
3735 -16.4193
3736 -16.4243
3737 -16.4293
3738 -16.4343
3739 -16.4393
3740 -16.4443
3741 -16.4493
3742 -16.4543
3743 -16.4594
3744 -16.4644
3745 -16.4694
3746 -16.4744
3747 -16.4794
3748 -16.4844
3749 -16.4894
3750 -16.4944
3751 -16.4995
3752 -16.5045
3753 -16.5095
3754 -16.5145
3755 -16.5195
3756 -16.5245
3757 -16.5295
3758 -16.5345
3759 -16.5396
3760 -16.5446
3761 -16.5496
3762 -16.5546
3763 -16.5596
3764 -16.5646
3765 -16.5696
3766 -16.5746
3767 -16.5797
3768 -16.5847
3769 -16.5897
3770 -16.5947
3771 -16.5997
3772 -16.6047
3773 -16.6097
3774 -16.6147
3775 -16.6198
3776 -16.6248
3777 -16.6298
3778 -16.6348
3779 -16.6398
3780 -16.6448
3781 -16.6498
3782 -16.6548
3783 -16.6599
3784 -16.6649
3785 -16.6699
3786 -16.6749
3787 -16.6799
3788 -16.6849
3789 -16.6899
3790 -16.6949
3791 -16.7
3792 -16.705
3793 -16.71
3794 -16.715
3795 -16.72
3796 -16.725
3797 -16.73
3798 -16.735
3799 -16.7401
3800 -16.7451
3801 -16.7501
3802 -16.7551
3803 -16.7601
3804 -16.7651
3805 -16.7701
3806 -16.7751
3807 -16.7802
3808 -16.7852
3809 -16.7902
3810 -16.7952
3811 -16.8002
3812 -16.8052
3813 -16.8102
3814 -16.8152
3815 -16.8203
3816 -16.8253
3817 -16.8303
3818 -16.8353
3819 -16.8403
3820 -16.8453
3821 -16.8503
3822 -16.8553
3823 -16.8604
3824 -16.8654
3825 -16.8704
3826 -16.8754
3827 -16.8804
3828 -16.8854
3829 -16.8904
3830 -16.8955
3831 -16.9005
3832 -16.9055
3833 -16.9105
3834 -16.9155
3835 -16.9205
3836 -16.9255
3837 -16.9305
3838 -16.9356
3839 -16.9406
3840 -16.9456
3841 -16.9506
3842 -16.9556
3843 -16.9606
3844 -16.9656
3845 -16.9706
3846 -16.9757
3847 -16.9807
3848 -16.9857
3849 -16.9907
3850 -16.9957
3851 -17.0007
3852 -17.0057
3853 -17.0107
3854 -17.0158
3855 -17.0208
3856 -17.0258
3857 -17.0308
3858 -17.0358
3859 -17.0408
3860 -17.0458
3861 -17.0508
3862 -17.0559
3863 -17.0609
3864 -17.0659
3865 -17.0709
3866 -17.0759
3867 -17.0809
3868 -17.0859
3869 -17.0909
3870 -17.096
3871 -17.101
3872 -17.106
3873 -17.111
3874 -17.116
3875 -17.121
3876 -17.126
3877 -17.131
3878 -17.1361
3879 -17.1411
3880 -17.1461
3881 -17.1511
3882 -17.1561
3883 -17.1611
3884 -17.1661
3885 -17.1711
3886 -17.1762
3887 -17.1812
3888 -17.1862
3889 -17.1912
3890 -17.1962
3891 -17.2012
3892 -17.2062
3893 -17.2112
3894 -17.2163
3895 -17.2213
3896 -17.2263
3897 -17.2313
3898 -17.2363
3899 -17.2413
3900 -17.2463
3901 -17.2513
3902 -17.2564
3903 -17.2614
3904 -17.2664
3905 -17.2714
3906 -17.2764
3907 -17.2814
3908 -17.2864
3909 -17.2914
3910 -17.2965
3911 -17.3015
3912 -17.3065
3913 -17.3115
3914 -17.3165
3915 -17.3215
3916 -17.3265
3917 -17.3315
3918 -17.3366
3919 -17.3416
3920 -17.3466
3921 -17.3516
3922 -17.3566
3923 -17.3616
3924 -17.3666
3925 -17.3716
3926 -17.3767
3927 -17.3817
3928 -17.3867
3929 -17.3917
3930 -17.3967
3931 -17.4017
3932 -17.4067
3933 -17.4117
3934 -17.4168
3935 -17.4218
3936 -17.4268
3937 -17.4318
3938 -17.4368
3939 -17.4418
3940 -17.4468
3941 -17.4518
3942 -17.4569
3943 -17.4619
3944 -17.4669
3945 -17.4719
3946 -17.4769
3947 -17.4819
3948 -17.4869
3949 -17.4919
3950 -17.497
3951 -17.502
3952 -17.507
3953 -17.512
3954 -17.517
3955 -17.522
3956 -17.527
3957 -17.532
3958 -17.5371
3959 -17.5421
3960 -17.5471
3961 -17.5521
3962 -17.5571
3963 -17.5621
3964 -17.5671
3965 -17.5721
3966 -17.5772
3967 -17.5822
3968 -17.5872
3969 -17.5922
3970 -17.5972
3971 -17.6022
3972 -17.6072
3973 -17.6122
3974 -17.6173
3975 -17.6223
3976 -17.6273
3977 -17.6323
3978 -17.6373
3979 -17.6423
3980 -17.6473
3981 -17.6523
3982 -17.6574
3983 -17.6624
3984 -17.6674
3985 -17.6724
3986 -17.6774
3987 -17.6824
3988 -17.6874
3989 -17.6924
3990 -17.6975
3991 -17.7025
3992 -17.7075
3993 -17.7125
3994 -17.7175
3995 -17.7225
3996 -17.7275
3997 -17.7325
3998 -17.7376
3999 -17.7426
4000 -17.7476
4001 -17.7526
4002 -17.7576
4003 -17.7626
4004 -17.7676
4005 -17.7726
4006 -17.7777
4007 -17.7827
4008 -17.7877
4009 -17.7927
4010 -17.7977
4011 -17.8027
4012 -17.8077
4013 -17.8127
4014 -17.8178
4015 -17.8228
4016 -17.8278
4017 -17.8328
4018 -17.8378
4019 -17.8428
4020 -17.8478
4021 -17.8528
4022 -17.8579
4023 -17.8629
4024 -17.8679
4025 -17.8729
4026 -17.8779
4027 -17.8829
4028 -17.8879
4029 -17.8929
4030 -17.898
4031 -17.903
4032 -17.908
4033 -17.913
4034 -17.918
4035 -17.923
4036 -17.928
4037 -17.933
4038 -17.9381
4039 -17.9431
4040 -17.9481
4041 -17.9531
4042 -17.9581
4043 -17.9631
4044 -17.9681
4045 -17.9731
4046 -17.9782
4047 -17.9832
4048 -17.9882
4049 -17.9932
4050 -17.9982
4051 -18.0032
4052 -18.0082
4053 -18.0132
4054 -18.0183
4055 -18.0233
4056 -18.0283
4057 -18.0333
4058 -18.0383
4059 -18.0433
4060 -18.0483
4061 -18.0533
4062 -18.0584
4063 -18.0634
4064 -18.0684
4065 -18.0734
4066 -18.0784
4067 -18.0834
4068 -18.0884
4069 -18.0934
4070 -18.0985
4071 -18.1035
4072 -18.1085
4073 -18.1135
4074 -18.1185
4075 -18.1235
4076 -18.1285
4077 -18.1335
4078 -18.1386
4079 -18.1436
4080 -18.1486
4081 -18.1536
4082 -18.1586
4083 -18.1636
4084 -18.1686
4085 -18.1736
4086 -18.1787
4087 -18.1837
4088 -18.1887
4089 -18.1937
4090 -18.1987
4091 -18.2037
4092 -18.2087
4093 -18.2137
4094 -18.2188
4095 -18.2238
4096 -18.2288
4097 -18.2338
4098 -18.2388
4099 -18.2438
4100 -18.2488
4101 -18.2538
4102 -18.2589
4103 -18.2639
4104 -18.2689
4105 -18.2739
4106 -18.2789
4107 -18.2839
4108 -18.2889
4109 -18.2939
4110 -18.299
4111 -18.304
4112 -18.309
4113 -18.314
4114 -18.319
4115 -18.324
4116 -18.329
4117 -18.334
4118 -18.3391
4119 -18.3441
4120 -18.3491
4121 -18.3541
4122 -18.3591
4123 -18.3641
4124 -18.3691
4125 -18.3742
4126 -18.3792
4127 -18.3842
4128 -18.3892
4129 -18.3942
4130 -18.3992
4131 -18.4042
4132 -18.4092
4133 -18.4143
4134 -18.4193
4135 -18.4243
4136 -18.4293
4137 -18.4343
4138 -18.4393
4139 -18.4443
4140 -18.4493
4141 -18.4544
4142 -18.4594
4143 -18.4644
4144 -18.4694
4145 -18.4744
4146 -18.4794
4147 -18.4844
4148 -18.4894
4149 -18.4945
4150 -18.4995
4151 -18.5045
4152 -18.5095
4153 -18.5145
4154 -18.5195
4155 -18.5245
4156 -18.5295
4157 -18.5346
4158 -18.5396
4159 -18.5446
4160 -18.5496
4161 -18.5546
4162 -18.5596
4163 -18.5646
4164 -18.5696
4165 -18.5747
4166 -18.5797
4167 -18.5847
4168 -18.5897
4169 -18.5947
4170 -18.5997
4171 -18.6047
4172 -18.6097
4173 -18.6148
4174 -18.6198
4175 -18.6248
4176 -18.6298
4177 -18.6348
4178 -18.6398
4179 -18.6448
4180 -18.6498
4181 -18.6549
4182 -18.6599
4183 -18.6649
4184 -18.6699
4185 -18.6749
4186 -18.6799
4187 -18.6849
4188 -18.6899
4189 -18.695
4190 -18.7
4191 -18.705
4192 -18.71
4193 -18.715
4194 -18.72
4195 -18.725
4196 -18.73
4197 -18.7351
4198 -18.7401
4199 -18.7451
4200 -18.7501
4201 -18.7551
4202 -18.7601
4203 -18.7651
4204 -18.7701
4205 -18.7752
4206 -18.7802
4207 -18.7852
4208 -18.7902
4209 -18.7952
4210 -18.8002
4211 -18.8052
4212 -18.8102
4213 -18.8153
4214 -18.8203
4215 -18.8253
4216 -18.8303
4217 -18.8353
4218 -18.8403
4219 -18.8453
4220 -18.8503
4221 -18.8554
4222 -18.8604
4223 -18.8654
4224 -18.8704
4225 -18.8754
4226 -18.8804
4227 -18.8854
4228 -18.8904
4229 -18.8955
4230 -18.9005
4231 -18.9055
4232 -18.9105
4233 -18.9155
4234 -18.9205
4235 -18.9255
4236 -18.9305
4237 -18.9356
4238 -18.9406
4239 -18.9456
4240 -18.9506
4241 -18.9556
4242 -18.9606
4243 -18.9656
4244 -18.9706
4245 -18.9757
4246 -18.9807
4247 -18.9857
4248 -18.9907
4249 -18.9957
4250 -19.0007
4251 -19.0057
4252 -19.0107
4253 -19.0158
4254 -19.0208
4255 -19.0258
4256 -19.0308
4257 -19.0358
4258 -19.0408
4259 -19.0458
4260 -19.0508
4261 -19.0559
4262 -19.0609
4263 -19.0659
4264 -19.0709
4265 -19.0759
4266 -19.0809
4267 -19.0859
4268 -19.0909
4269 -19.096
4270 -19.101
4271 -19.106
4272 -19.111
4273 -19.116
4274 -19.121
4275 -19.126
4276 -19.131
4277 -19.1361
4278 -19.1411
4279 -19.1461
4280 -19.1511
4281 -19.1561
4282 -19.1611
4283 -19.1661
4284 -19.1711
4285 -19.1762
4286 -19.1812
4287 -19.1862
4288 -19.1912
4289 -19.1962
4290 -19.2012
4291 -19.2062
4292 -19.2112
4293 -19.2163
4294 -19.2213
4295 -19.2263
4296 -19.2313
4297 -19.2363
4298 -19.2413
4299 -19.2463
4300 -19.2513
4301 -19.2564
4302 -19.2614
4303 -19.2664
4304 -19.2714
4305 -19.2764
4306 -19.2814
4307 -19.2864
4308 -19.2914
4309 -19.2965
4310 -19.3015
4311 -19.3065
4312 -19.3115
4313 -19.3165
4314 -19.3215
4315 -19.3265
4316 -19.3315
4317 -19.3366
4318 -19.3416
4319 -19.3466
4320 -19.3516
4321 -19.3566
4322 -19.3616
4323 -19.3666
4324 -19.3716
4325 -19.3767
4326 -19.3817
4327 -19.3867
4328 -19.3917
4329 -19.3967
4330 -19.4017
4331 -19.4067
4332 -19.4117
4333 -19.4168
4334 -19.4218
4335 -19.4268
4336 -19.4318
4337 -19.4368
4338 -19.4418
4339 -19.4468
4340 -19.4518
4341 -19.4569
4342 -19.4619
4343 -19.4669
4344 -19.4719
4345 -19.4769
4346 -19.4819
4347 -19.4869
4348 -19.4919
4349 -19.497
4350 -19.502
4351 -19.507
4352 -19.512
4353 -19.517
4354 -19.522
4355 -19.527
4356 -19.532
4357 -19.5371
4358 -19.5421
4359 -19.5471
4360 -19.5521
4361 -19.5571
4362 -19.5621
4363 -19.5671
4364 -19.5721
4365 -19.5772
4366 -19.5822
4367 -19.5872
4368 -19.5922
4369 -19.5972
4370 -19.6022
4371 -19.6072
4372 -19.6122
4373 -19.6173
4374 -19.6223
4375 -19.6273
4376 -19.6323
4377 -19.6373
4378 -19.6423
4379 -19.6473
4380 -19.6523
4381 -19.6574
4382 -19.6624
4383 -19.6674
4384 -19.6724
4385 -19.6774
4386 -19.6824
4387 -19.6874
4388 -19.6924
4389 -19.6975
4390 -19.7025
4391 -19.7075
4392 -19.7125
4393 -19.7175
4394 -19.7225
4395 -19.7275
4396 -19.7326
4397 -19.7376
4398 -19.7426
4399 -19.7476
4400 -19.7526
4401 -19.7576
4402 -19.7626
4403 -19.7676
4404 -19.7727
4405 -19.7777
4406 -19.7827
4407 -19.7877
4408 -19.7927
4409 -19.7977
4410 -19.8027
4411 -19.8077
4412 -19.8128
4413 -19.8178
4414 -19.8228
4415 -19.8278
4416 -19.8328
4417 -19.8378
4418 -19.8428
4419 -19.8478
4420 -19.8529
4421 -19.8579
4422 -19.8629
4423 -19.8679
4424 -19.8729
4425 -19.8779
4426 -19.8829
4427 -19.8879
4428 -19.893
4429 -19.898
4430 -19.903
4431 -19.908
4432 -19.913
4433 -19.918
4434 -19.923
4435 -19.928
4436 -19.9331
4437 -19.9381
4438 -19.9431
4439 -19.9481
4440 -19.9531
4441 -19.9581
4442 -19.9631
4443 -19.9681
4444 -19.9732
4445 -19.9782
4446 -19.9832
4447 -19.9882
4448 -19.9932
4449 -19.9982
4450 -20.0032
4451 -20.0082
4452 -20.0133
4453 -20.0183
4454 -20.0233
4455 -20.0283
4456 -20.0333
4457 -20.0383
4458 -20.0433
4459 -20.0483
4460 -20.0534
4461 -20.0584
4462 -20.0634
4463 -20.0684
4464 -20.0734
4465 -20.0784
4466 -20.0834
4467 -20.0884
4468 -20.0935
4469 -20.0985
4470 -20.1035
4471 -20.1085
4472 -20.1135
4473 -20.1185
4474 -20.1235
4475 -20.1285
4476 -20.1336
4477 -20.1386
4478 -20.1436
4479 -20.1486
4480 -20.1536
4481 -20.1586
4482 -20.1636
4483 -20.1686
4484 -20.1737
4485 -20.1787
4486 -20.1837
4487 -20.1887
4488 -20.1937
4489 -20.1987
4490 -20.2037
4491 -20.2087
4492 -20.2138
4493 -20.2188
4494 -20.2238
4495 -20.2288
4496 -20.2338
4497 -20.2388
4498 -20.2438
4499 -20.2488
4500 -20.2539
4501 -20.2589
4502 -20.2639
4503 -20.2689
4504 -20.2739
4505 -20.2789
4506 -20.2839
4507 -20.2889
4508 -20.294
4509 -20.299
4510 -20.304
4511 -20.309
4512 -20.314
4513 -20.319
4514 -20.324
4515 -20.329
4516 -20.3341
4517 -20.3391
4518 -20.3441
4519 -20.3491
4520 -20.3541
4521 -20.3591
4522 -20.3641
4523 -20.3691
4524 -20.3742
4525 -20.3792
4526 -20.3842
4527 -20.3892
4528 -20.3942
4529 -20.3992
4530 -20.4042
4531 -20.4092
4532 -20.4143
4533 -20.4193
4534 -20.4243
4535 -20.4293
4536 -20.4343
4537 -20.4393
4538 -20.4443
4539 -20.4493
4540 -20.4544
4541 -20.4594
4542 -20.4644
4543 -20.4694
4544 -20.4744
4545 -20.4794
4546 -20.4844
4547 -20.4894
4548 -20.4945
4549 -20.4995
4550 -20.5045
4551 -20.5095
4552 -20.5145
4553 -20.5195
4554 -20.5245
4555 -20.5295
4556 -20.5346
4557 -20.5396
4558 -20.5446
4559 -20.5496
4560 -20.5546
4561 -20.5596
4562 -20.5646
4563 -20.5696
4564 -20.5747
4565 -20.5797
4566 -20.5847
4567 -20.5897
4568 -20.5947
4569 -20.5997
4570 -20.6047
4571 -20.6097
4572 -20.6148
4573 -20.6198
4574 -20.6248
4575 -20.6298
4576 -20.6348
4577 -20.6398
4578 -20.6448
4579 -20.6498
4580 -20.6549
4581 -20.6599
4582 -20.6649
4583 -20.6699
4584 -20.6749
4585 -20.6799
4586 -20.6849
4587 -20.6899
4588 -20.695
4589 -20.7
4590 -20.705
4591 -20.71
4592 -20.715
4593 -20.72
4594 -20.725
4595 -20.73
4596 -20.7351
4597 -20.7401
4598 -20.7451
4599 -20.7501
4600 -20.7551
4601 -20.7601
4602 -20.7651
4603 -20.7701
4604 -20.7752
4605 -20.7802
4606 -20.7852
4607 -20.7902
4608 -20.7952
4609 -20.8002
4610 -20.8052
4611 -20.8102
4612 -20.8153
4613 -20.8203
4614 -20.8253
4615 -20.8303
4616 -20.8353
4617 -20.8403
4618 -20.8453
4619 -20.8503
4620 -20.8554
4621 -20.8604
4622 -20.8654
4623 -20.8704
4624 -20.8754
4625 -20.8804
4626 -20.8854
4627 -20.8904
4628 -20.8955
4629 -20.9005
4630 -20.9055
4631 -20.9105
4632 -20.9155
4633 -20.9205
4634 -20.9255
4635 -20.9305
4636 -20.9356
4637 -20.9406
4638 -20.9456
4639 -20.9506
4640 -20.9556
4641 -20.9606
4642 -20.9656
4643 -20.9706
4644 -20.9757
4645 -20.9807
4646 -20.9857
4647 -20.9907
4648 -20.9957
4649 -21.0007
4650 -21.0057
4651 -21.0107
4652 -21.0158
4653 -21.0208
4654 -21.0258
4655 -21.0308
4656 -21.0358
4657 -21.0408
4658 -21.0458
4659 -21.0508
4660 -21.0559
4661 -21.0609
4662 -21.0659
4663 -21.0709
4664 -21.0759
4665 -21.0809
4666 -21.0859
4667 -21.0909
4668 -21.096
4669 -21.101
4670 -21.106
4671 -21.111
4672 -21.116
4673 -21.121
4674 -21.126
4675 -21.1311
4676 -21.1361
4677 -21.1411
4678 -21.1461
4679 -21.1511
4680 -21.1561
4681 -21.1611
4682 -21.1661
4683 -21.1712
4684 -21.1762
4685 -21.1812
4686 -21.1862
4687 -21.1912
4688 -21.1962
4689 -21.2012
4690 -21.2062
4691 -21.2113
4692 -21.2163
4693 -21.2213
4694 -21.2263
4695 -21.2313
4696 -21.2363
4697 -21.2413
4698 -21.2463
4699 -21.2514
4700 -21.2564
4701 -21.2614
4702 -21.2664
4703 -21.2714
4704 -21.2764
4705 -21.2814
4706 -21.2864
4707 -21.2915
4708 -21.2965
4709 -21.3015
4710 -21.3065
4711 -21.3115
4712 -21.3165
4713 -21.3215
4714 -21.3265
4715 -21.3316
4716 -21.3366
4717 -21.3416
4718 -21.3466
4719 -21.3516
4720 -21.3566
4721 -21.3616
4722 -21.3666
4723 -21.3717
4724 -21.3767
4725 -21.3817
4726 -21.3867
4727 -21.3917
4728 -21.3967
4729 -21.4017
4730 -21.4068
4731 -21.4118
4732 -21.4168
4733 -21.4218
4734 -21.4268
4735 -21.4318
4736 -21.4368
4737 -21.4418
4738 -21.4468
4739 -21.4519
4740 -21.4569
4741 -21.4619
4742 -21.4669
4743 -21.4719
4744 -21.4769
4745 -21.4819
4746 -21.4869
4747 -21.492
4748 -21.497
4749 -21.502
4750 -21.507
4751 -21.512
4752 -21.517
4753 -21.522
4754 -21.527
4755 -21.5321
4756 -21.5371
4757 -21.5421
4758 -21.5471
4759 -21.5521
4760 -21.5571
4761 -21.5621
4762 -21.5671
4763 -21.5722
4764 -21.5772
4765 -21.5822
4766 -21.5872
4767 -21.5922
4768 -21.5972
4769 -21.6022
4770 -21.6072
4771 -21.6123
4772 -21.6173
4773 -21.6223
4774 -21.6273
4775 -21.6323
4776 -21.6373
4777 -21.6423
4778 -21.6473
4779 -21.6524
4780 -21.6574
4781 -21.6624
4782 -21.6674
4783 -21.6724
4784 -21.6774
4785 -21.6824
4786 -21.6874
4787 -21.6925
4788 -21.6975
4789 -21.7025
4790 -21.7075
4791 -21.7125
4792 -21.7175
4793 -21.7225
4794 -21.7275
4795 -21.7325
4796 -21.7376
4797 -21.7426
4798 -21.7476
4799 -21.7526
4800 -21.7576
4801 -21.7626
4802 -21.7676
4803 -21.7726
4804 -21.7777
4805 -21.7827
4806 -21.7877
4807 -21.7927
4808 -21.7977
4809 -21.8027
4810 -21.8077
4811 -21.8127
4812 -21.8178
4813 -21.8228
4814 -21.8278
4815 -21.8328
4816 -21.8378
4817 -21.8428
4818 -21.8478
4819 -21.8528
4820 -21.8579
4821 -21.8629
4822 -21.8679
4823 -21.8729
4824 -21.8779
4825 -21.8829
4826 -21.8879
4827 -21.893
4828 -21.898
4829 -21.903
4830 -21.908
4831 -21.913
4832 -21.918
4833 -21.923
4834 -21.928
4835 -21.9331
4836 -21.9381
4837 -21.9431
4838 -21.9481
4839 -21.9531
4840 -21.9581
4841 -21.9631
4842 -21.9681
4843 -21.9731
4844 -21.9782
4845 -21.9832
4846 -21.9882
4847 -21.9932
4848 -21.9982
4849 -22.0032
4850 -22.0082
4851 -22.0133
4852 -22.0183
4853 -22.0233
4854 -22.0283
4855 -22.0333
4856 -22.0383
4857 -22.0433
4858 -22.0483
4859 -22.0533
4860 -22.0584
4861 -22.0634
4862 -22.0684
4863 -22.0734
4864 -22.0784
4865 -22.0834
4866 -22.0884
4867 -22.0934
4868 -22.0985
4869 -22.1035
4870 -22.1085
4871 -22.1135
4872 -22.1185
4873 -22.1235
4874 -22.1285
4875 -22.1335
4876 -22.1386
4877 -22.1436
4878 -22.1486
4879 -22.1536
4880 -22.1586
4881 -22.1636
4882 -22.1686
4883 -22.1736
4884 -22.1787
4885 -22.1837
4886 -22.1887
4887 -22.1937
4888 -22.1987
4889 -22.2037
4890 -22.2087
4891 -22.2137
4892 -22.2187
4893 -22.2238
4894 -22.2288
4895 -22.2338
4896 -22.2388
4897 -22.2438
4898 -22.2488
4899 -22.2538
4900 -22.2589
4901 -22.2639
4902 -22.2689
4903 -22.2739
4904 -22.2789
4905 -22.2839
4906 -22.2889
4907 -22.2939
4908 -22.299
4909 -22.304
4910 -22.309
4911 -22.314
4912 -22.319
4913 -22.324
4914 -22.329
4915 -22.334
4916 -22.3391
4917 -22.3441
4918 -22.3491
4919 -22.3541
4920 -22.3591
4921 -22.3641
4922 -22.3691
4923 -22.3741
4924 -22.3791
4925 -22.3842
4926 -22.3892
4927 -22.3942
4928 -22.3992
4929 -22.4042
4930 -22.4092
4931 -22.4142
4932 -22.4192
4933 -22.4243
4934 -22.4293
4935 -22.4343
4936 -22.4393
4937 -22.4443
4938 -22.4493
4939 -22.4543
4940 -22.4593
4941 -22.4644
4942 -22.4694
4943 -22.4744
4944 -22.4794
4945 -22.4844
4946 -22.4894
4947 -22.4944
4948 -22.4994
4949 -22.5045
4950 -22.5095
4951 -22.5145
4952 -22.5195
4953 -22.5245
4954 -22.5295
4955 -22.5345
4956 -22.5395
4957 -22.5445
4958 -22.5495
4959 -22.5546
4960 -22.5596
4961 -22.5646
4962 -22.5696
4963 -22.5746
4964 -22.5796
4965 -22.5846
4966 -22.5897
4967 -22.5947
4968 -22.5997
4969 -22.6047
4970 -22.6097
4971 -22.6147
4972 -22.6197
4973 -22.6247
4974 -22.6297
4975 -22.6348
4976 -22.6398
4977 -22.6448
4978 -22.6498
4979 -22.6548
4980 -22.6598
4981 -22.6648
4982 -22.6698
4983 -22.6748
4984 -22.6799
4985 -22.6849
4986 -22.6899
4987 -22.6949
4988 -22.6999
4989 -22.7049
4990 -22.7099
4991 -22.7149
4992 -22.7199
4993 -22.725
4994 -22.73
4995 -22.735
4996 -22.74
4997 -22.745
4998 -22.75
4999 -22.755
5000 -22.7601
5001 -22.7651
5002 -22.7701
5003 -22.7751
5004 -22.7801
5005 -22.7851
5006 -22.7901
5007 -22.7952
5008 -22.8002
5009 -22.8052
5010 -22.8102
5011 -22.8152
5012 -22.8202
5013 -22.8252
5014 -22.8302
5015 -22.8353
5016 -22.8403
5017 -22.8453
5018 -22.8503
5019 -22.8553
5020 -22.8603
5021 -22.8653
5022 -22.8704
5023 -22.8754
5024 -22.8804
5025 -22.8854
5026 -22.8904
5027 -22.8954
5028 -22.9004
5029 -22.9054
5030 -22.9105
5031 -22.9155
5032 -22.9205
5033 -22.9255
5034 -22.9305
5035 -22.9355
5036 -22.9405
5037 -22.9455
5038 -22.9505
5039 -22.9556
5040 -22.9606
5041 -22.9656
5042 -22.9706
5043 -22.9756
5044 -22.9806
5045 -22.9856
5046 -22.9906
5047 -22.9957
5048 -23.0007
5049 -23.0057
5050 -23.0107
5051 -23.0157
5052 -23.0207
5053 -23.0257
