0 4.60767
1 4.2012
2 3.99315
3 3.84742
4 3.73418
5 3.64118
6 3.56209
7 3.49316
8 3.43198
9 3.37693
10 3.32683
11 3.28083
12 3.23826
13 3.19861
14 3.1615
15 3.12658
16 3.09359
17 3.06232
18 3.03257
19 3.00419
20 2.97704
21 2.95102
22 2.92602
23 2.90195
24 2.87874
25 2.85632
26 2.83463
27 2.81362
28 2.79323
29 2.77343
30 2.75418
31 2.73544
32 2.71719
33 2.69938
34 2.682
35 2.66502
36 2.64842
37 2.63218
38 2.61627
39 2.60069
40 2.58542
41 2.57043
42 2.55573
43 2.54129
44 2.5271
45 2.51315
46 2.49943
47 2.48593
48 2.47265
49 2.45956
50 2.44667
51 2.43397
52 2.42144
53 2.40909
54 2.39691
55 2.38488
56 2.37301
57 2.36129
58 2.3497
59 2.33826
60 2.32695
61 2.31577
62 2.30472
63 2.29378
64 2.28297
65 2.27226
66 2.26167
67 2.25118
68 2.24079
69 2.23051
70 2.22032
71 2.21022
72 2.20022
73 2.1903
74 2.18047
75 2.17073
76 2.16106
77 2.15148
78 2.14197
79 2.13254
80 2.12318
81 2.11389
82 2.10467
83 2.09552
84 2.08643
85 2.07741
86 2.06845
87 2.05955
88 2.05071
89 2.04193
90 2.03321
91 2.02454
92 2.01593
93 2.00737
94 1.99886
95 1.9904
96 1.98199
97 1.97363
98 1.96531
99 1.95704
100 1.94882
101 1.94064
102 1.93251
103 1.92441
104 1.91636
105 1.90835
106 1.90038
107 1.89244
108 1.88455
109 1.87669
110 1.86887
111 1.86108
112 1.85333
113 1.84562
114 1.83794
115 1.83029
116 1.82267
117 1.81508
118 1.80753
119 1.80001
120 1.79251
121 1.78505
122 1.77761
123 1.77021
124 1.76283
125 1.75548
126 1.74815
127 1.74085
128 1.73358
129 1.72633
130 1.71911
131 1.71191
132 1.70474
133 1.69759
134 1.69046
135 1.68336
136 1.67628
137 1.66922
138 1.66218
139 1.65517
140 1.64817
141 1.6412
142 1.63424
143 1.62731
144 1.62039
145 1.61349
146 1.60662
147 1.59976
148 1.59292
149 1.5861
150 1.57929
151 1.57251
152 1.56574
153 1.55898
154 1.55225
155 1.54553
156 1.53882
157 1.53214
158 1.52546
159 1.51881
160 1.51217
161 1.50554
162 1.49893
163 1.49233
164 1.48575
165 1.47918
166 1.47262
167 1.46608
168 1.45955
169 1.45303
170 1.44653
171 1.44004
172 1.43356
173 1.4271
174 1.42065
175 1.41421
176 1.40778
177 1.40136
178 1.39496
179 1.38856
180 1.38218
181 1.37581
182 1.36945
183 1.3631
184 1.35676
185 1.35043
186 1.34411
187 1.3378
188 1.3315
189 1.32521
190 1.31893
191 1.31266
192 1.3064
193 1.30015
194 1.29391
195 1.28768
196 1.28145
197 1.27524
198 1.26903
199 1.26283
200 1.25664
201 1.25046
202 1.24429
203 1.23812
204 1.23197
205 1.22582
206 1.21968
207 1.21354
208 1.20742
209 1.2013
210 1.19519
211 1.18908
212 1.18299
213 1.1769
214 1.17081
215 1.16474
216 1.15867
217 1.15261
218 1.14655
219 1.1405
220 1.13446
221 1.12842
222 1.12239
223 1.11637
224 1.11035
225 1.10434
226 1.09833
227 1.09233
228 1.08634
229 1.08035
230 1.07437
231 1.06839
232 1.06242
233 1.05645
234 1.05049
235 1.04454
236 1.03859
237 1.03264
238 1.0267
239 1.02076
240 1.01483
241 1.00891
242 1.00299
243 0.997074
244 0.991163
245 0.985257
246 0.979355
247 0.973458
248 0.967566
249 0.961678
250 0.955794
251 0.949915
252 0.94404
253 0.938169
254 0.932302
255 0.92644
256 0.920581
257 0.914727
258 0.908876
259 0.903029
260 0.897187
261 0.891348
262 0.885513
263 0.879681
264 0.873853
265 0.868029
266 0.862209
267 0.856392
268 0.850578
269 0.844768
270 0.838962
271 0.833159
272 0.827359
273 0.821562
274 0.815769
275 0.809979
276 0.804192
277 0.798408
278 0.792627
279 0.78685
280 0.781075
281 0.775304
282 0.769535
283 0.763769
284 0.758006
285 0.752246
286 0.746489
287 0.740735
288 0.734983
289 0.729234
290 0.723488
291 0.717744
292 0.712003
293 0.706265
294 0.700529
295 0.694796
296 0.689065
297 0.683337
298 0.677611
299 0.671887
300 0.666166
301 0.660448
302 0.654731
303 0.649017
304 0.643305
305 0.637596
306 0.631888
307 0.626183
308 0.62048
309 0.614779
310 0.60908
311 0.603384
312 0.597689
313 0.591996
314 0.586306
315 0.580617
316 0.574931
317 0.569246
318 0.563563
319 0.557882
320 0.552203
321 0.546526
322 0.540851
323 0.535178
324 0.529506
325 0.523836
326 0.518168
327 0.512502
328 0.506837
329 0.501174
330 0.495513
331 0.489853
332 0.484195
333 0.478539
334 0.472884
335 0.46723
336 0.461579
337 0.455929
338 0.45028
339 0.444633
340 0.438987
341 0.433343
342 0.4277
343 0.422059
344 0.416419
345 0.410781
346 0.405144
347 0.399508
348 0.393874
349 0.388241
350 0.382609
351 0.376979
352 0.37135
353 0.365722
354 0.360096
355 0.35447
356 0.348846
357 0.343224
358 0.337602
359 0.331982
360 0.326362
361 0.320744
362 0.315127
363 0.309512
364 0.303897
365 0.298284
366 0.292671
367 0.28706
368 0.28145
369 0.275841
370 0.270232
371 0.264625
372 0.259019
373 0.253414
374 0.24781
375 0.242207
376 0.236605
377 0.231004
378 0.225404
379 0.219805
380 0.214207
381 0.20861
382 0.203013
383 0.197418
384 0.191823
385 0.18623
386 0.180637
387 0.175045
388 0.169454
389 0.163864
390 0.158274
391 0.152686
392 0.147098
393 0.141511
394 0.135925
395 0.13034
396 0.124755
397 0.119171
398 0.113588
399 0.108006
400 0.102425
401 0.0968438
402 0.0912637
403 0.0856844
404 0.0801058
405 0.074528
406 0.0689508
407 0.0633743
408 0.0577985
409 0.0522234
410 0.0466489
411 0.0410751
412 0.0355019
413 0.0299294
414 0.0243576
415 0.0187863
416 0.0132157
417 0.00764575
418 0.00207637
419 -0.00349241
420 -0.00906059
421 -0.0146282
422 -0.0201952
423 -0.0257616
424 -0.0313275
425 -0.0368928
426 -0.0424575
427 -0.0480217
428 -0.0535853
429 -0.0591484
430 -0.064711
431 -0.0702731
432 -0.0758346
433 -0.0813956
434 -0.0869561
435 -0.0925161
436 -0.0980756
437 -0.103635
438 -0.109193
439 -0.114751
440 -0.120309
441 -0.125866
442 -0.131422
443 -0.136979
444 -0.142534
445 -0.14809
446 -0.153644
447 -0.159199
448 -0.164753
449 -0.170306
450 -0.175859
451 -0.181412
452 -0.186964
453 -0.192516
454 -0.198067
455 -0.203618
456 -0.209169
457 -0.214719
458 -0.220269
459 -0.225819
460 -0.231368
461 -0.236916
462 -0.242465
463 -0.248013
464 -0.25356
465 -0.259107
466 -0.264654
467 -0.270201
468 -0.275747
469 -0.281293
470 -0.286838
471 -0.292384
472 -0.297928
473 -0.303473
474 -0.309017
475 -0.314561
476 -0.320105
477 -0.325648
478 -0.331191
479 -0.336733
480 -0.342276
481 -0.347818
482 -0.353359
483 -0.358901
484 -0.364442
485 -0.369983
486 -0.375523
487 -0.381063
488 -0.386603
489 -0.392143
490 -0.397683
491 -0.403222
492 -0.408761
493 -0.414299
494 -0.419838
495 -0.425376
496 -0.430914
497 -0.436451
498 -0.441989
499 -0.447526
500 -0.453063
501 -0.458599
502 -0.464136
503 -0.469672
504 -0.475208
505 -0.480744
506 -0.486279
507 -0.491814
508 -0.497349
509 -0.502884
510 -0.508419
511 -0.513953
512 -0.519487
513 -0.525021
514 -0.530555
515 -0.536089
516 -0.541622
517 -0.547155
518 -0.552688
519 -0.558221
520 -0.563753
521 -0.569286
522 -0.574818
523 -0.58035
524 -0.585882
525 -0.591413
526 -0.596945
527 -0.602476
528 -0.608007
529 -0.613538
530 -0.619069
531 -0.624599
532 -0.63013
533 -0.63566
534 -0.64119
535 -0.64672
536 -0.65225
537 -0.657779
538 -0.663308
539 -0.668838
540 -0.674367
541 -0.679896
542 -0.685425
543 -0.690953
544 -0.696482
545 -0.70201
546 -0.707538
547 -0.713066
548 -0.718594
549 -0.724122
550 -0.72965
551 -0.735177
552 -0.740704
553 -0.746232
554 -0.751759
555 -0.757286
556 -0.762812
557 -0.768339
558 -0.773866
559 -0.779392
560 -0.784918
561 -0.790445
562 -0.795971
563 -0.801497
564 -0.807023
565 -0.812548
566 -0.818074
567 -0.823599
568 -0.829125
569 -0.83465
570 -0.840175
571 -0.8457
572 -0.851225
573 -0.85675
574 -0.862275
575 -0.867799
576 -0.873324
577 -0.878848
578 -0.884372
579 -0.889897
580 -0.895421
581 -0.900945
582 -0.906469
583 -0.911992
584 -0.917516
585 -0.92304
586 -0.928563
587 -0.934087
588 -0.93961
589 -0.945133
590 -0.950656
591 -0.95618
592 -0.961703
593 -0.967225
594 -0.972748
595 -0.978271
596 -0.983794
597 -0.989316
598 -0.994839
599 -1.00036
600 -1.00588
601 -1.01141
602 -1.01693
603 -1.02245
604 -1.02797
605 -1.03349
606 -1.03902
607 -1.04454
608 -1.05006
609 -1.05558
610 -1.0611
611 -1.06662
612 -1.07215
613 -1.07767
614 -1.08319
615 -1.08871
616 -1.09423
617 -1.09975
618 -1.10527
619 -1.11079
620 -1.11631
621 -1.12184
622 -1.12736
623 -1.13288
624 -1.1384
625 -1.14392
626 -1.14944
627 -1.15496
628 -1.16048
629 -1.166
630 -1.17152
631 -1.17704
632 -1.18256
633 -1.18808
634 -1.1936
635 -1.19912
636 -1.20464
637 -1.21016
638 -1.21568
639 -1.2212
640 -1.22672
641 -1.23224
642 -1.23776
643 -1.24328
644 -1.2488
645 -1.25432
646 -1.25984
647 -1.26536
648 -1.27088
649 -1.2764
650 -1.28191
651 -1.28743
652 -1.29295
653 -1.29847
654 -1.30399
655 -1.30951
656 -1.31503
657 -1.32055
658 -1.32607
659 -1.33159
660 -1.33711
661 -1.34262
662 -1.34814
663 -1.35366
664 -1.35918
665 -1.3647
666 -1.37022
667 -1.37574
668 -1.38125
669 -1.38677
670 -1.39229
671 -1.39781
672 -1.40333
673 -1.40885
674 -1.41437
675 -1.41988
676 -1.4254
677 -1.43092
678 -1.43644
679 -1.44196
680 -1.44747
681 -1.45299
682 -1.45851
683 -1.46403
684 -1.46955
685 -1.47506
686 -1.48058
687 -1.4861
688 -1.49162
689 -1.49714
690 -1.50265
691 -1.50817
692 -1.51369
693 -1.51921
694 -1.52472
695 -1.53024
696 -1.53576
697 -1.54128
698 -1.5468
699 -1.55231
700 -1.55783
701 -1.56335
702 -1.56887
703 -1.57438
704 -1.5799
705 -1.58542
706 -1.59094
707 -1.59645
708 -1.60197
709 -1.60749
710 -1.613
711 -1.61852
712 -1.62404
713 -1.62956
714 -1.63507
715 -1.64059
716 -1.64611
717 -1.65162
718 -1.65714
719 -1.66266
720 -1.66818
721 -1.67369
722 -1.67921
723 -1.68473
724 -1.69024
725 -1.69576
726 -1.70128
727 -1.70679
728 -1.71231
729 -1.71783
730 -1.72335
731 -1.72886
732 -1.73438
733 -1.7399
734 -1.74541
735 -1.75093
736 -1.75645
737 -1.76196
738 -1.76748
739 -1.773
740 -1.77851
741 -1.78403
742 -1.78955
743 -1.79506
744 -1.80058
745 -1.8061
746 -1.81161
747 -1.81713
748 -1.82265
749 -1.82816
750 -1.83368
751 -1.8392
752 -1.84471
753 -1.85023
754 -1.85575
755 -1.86126
756 -1.86678
757 -1.87229
758 -1.87781
759 -1.88333
760 -1.88884
761 -1.89436
762 -1.89988
763 -1.90539
764 -1.91091
765 -1.91643
766 -1.92194
767 -1.92746
768 -1.93297
769 -1.93849
770 -1.94401
771 -1.94952
772 -1.95504
773 -1.96056
774 -1.96607
775 -1.97159
776 -1.9771
777 -1.98262
778 -1.98814
779 -1.99365
780 -1.99917
781 -2.00469
782 -2.0102
783 -2.01572
784 -2.02123
785 -2.02675
786 -2.03227
787 -2.03778
788 -2.0433
789 -2.04881
790 -2.05433
791 -2.05985
792 -2.06536
793 -2.07088
794 -2.07639
795 -2.08191
796 -2.08743
797 -2.09294
798 -2.09846
799 -2.10397
800 -2.10949
801 -2.11501
802 -2.12052
803 -2.12604
804 -2.13155
805 -2.13707
806 -2.14259
807 -2.1481
808 -2.15362
809 -2.15913
810 -2.16465
811 -2.17016
812 -2.17568
813 -2.1812
814 -2.18671
815 -2.19223
816 -2.19774
817 -2.20326
818 -2.20878
819 -2.21429
820 -2.21981
821 -2.22532
822 -2.23084
823 -2.23635
824 -2.24187
825 -2.24739
826 -2.2529
827 -2.25842
828 -2.26393
829 -2.26945
830 -2.27496
831 -2.28048
832 -2.286
833 -2.29151
834 -2.29703
835 -2.30254
836 -2.30806
837 -2.31357
838 -2.31909
839 -2.32461
840 -2.33012
841 -2.33564
842 -2.34115
843 -2.34667
844 -2.35218
845 -2.3577
846 -2.36322
847 -2.36873
848 -2.37425
849 -2.37976
850 -2.38528
851 -2.39079
852 -2.39631
853 -2.40183
854 -2.40734
855 -2.41286
856 -2.41837
857 -2.42389
858 -2.4294
859 -2.43492
860 -2.44043
861 -2.44595
862 -2.45147
863 -2.45698
864 -2.4625
865 -2.46801
866 -2.47353
867 -2.47904
868 -2.48456
869 -2.49007
870 -2.49559
871 -2.50111
872 -2.50662
873 -2.51214
874 -2.51765
875 -2.52317
876 -2.52868
877 -2.5342
878 -2.53971
879 -2.54523
880 -2.55075
881 -2.55626
882 -2.56178
883 -2.56729
884 -2.57281
885 -2.57832
886 -2.58384
887 -2.58935
888 -2.59487
889 -2.60038
890 -2.6059
891 -2.61142
892 -2.61693
893 -2.62245
894 -2.62796
895 -2.63348
896 -2.63899
897 -2.64451
898 -2.65002
899 -2.65554
900 -2.66105
901 -2.66657
902 -2.67209
903 -2.6776
904 -2.68312
905 -2.68863
906 -2.69415
907 -2.69966
908 -2.70518
909 -2.71069
910 -2.71621
911 -2.72172
912 -2.72724
913 -2.73276
914 -2.73827
915 -2.74379
916 -2.7493
917 -2.75482
918 -2.76033
919 -2.76585
920 -2.77136
921 -2.77688
922 -2.78239
923 -2.78791
924 -2.79342
925 -2.79894
926 -2.80446
927 -2.80997
928 -2.81549
929 -2.821
930 -2.82652
931 -2.83203
932 -2.83755
933 -2.84306
934 -2.84858
935 -2.85409
936 -2.85961
937 -2.86512
938 -2.87064
939 -2.87615
940 -2.88167
941 -2.88719
942 -2.8927
943 -2.89822
944 -2.90373
945 -2.90925
946 -2.91476
947 -2.92028
948 -2.92579
949 -2.93131
950 -2.93682
951 -2.94234
952 -2.94785
953 -2.95337
954 -2.95888
955 -2.9644
956 -2.96992
957 -2.97543
958 -2.98095
959 -2.98646
960 -2.99198
961 -2.99749
962 -3.00301
963 -3.00852
964 -3.01404
965 -3.01955
966 -3.02507
967 -3.03058
968 -3.0361
969 -3.04161
970 -3.04713
971 -3.05264
972 -3.05816
973 -3.06368
974 -3.06919
975 -3.07471
976 -3.08022
977 -3.08574
978 -3.09125
979 -3.09677
980 -3.10228
981 -3.1078
982 -3.11331
983 -3.11883
984 -3.12434
985 -3.12986
986 -3.13537
987 -3.14089
988 -3.1464
989 -3.15192
990 -3.15744
991 -3.16295
992 -3.16847
993 -3.17398
994 -3.1795
995 -3.18501
996 -3.19053
997 -3.19604
998 -3.20156
999 -3.20707
1000 -3.21259
1001 -3.2181
1002 -3.22362
1003 -3.22913
1004 -3.23465
1005 -3.24016
1006 -3.24568
1007 -3.25119
1008 -3.25671
1009 -3.26223
1010 -3.26774
1011 -3.27326
1012 -3.27877
1013 -3.28429
1014 -3.2898
1015 -3.29532
1016 -3.30083
1017 -3.30635
1018 -3.31186
1019 -3.31738
1020 -3.32289
1021 -3.32841
1022 -3.33392
1023 -3.33944
1024 -3.34495
1025 -3.35047
1026 -3.35598
1027 -3.3615
1028 -3.36702
1029 -3.37253
1030 -3.37805
1031 -3.38356
1032 -3.38908
1033 -3.39459
1034 -3.40011
1035 -3.40562
1036 -3.41114
1037 -3.41665
1038 -3.42217
1039 -3.42768
1040 -3.4332
1041 -3.43871
1042 -3.44423
1043 -3.44974
1044 -3.45526
1045 -3.46077
1046 -3.46629
1047 -3.4718
1048 -3.47732
1049 -3.48284
1050 -3.48835
1051 -3.49387
1052 -3.49938
1053 -3.5049
1054 -3.51041
1055 -3.51593
1056 -3.52144
1057 -3.52696
1058 -3.53247
1059 -3.53799
1060 -3.5435
1061 -3.54902
1062 -3.55453
1063 -3.56005
1064 -3.56556
1065 -3.57108
1066 -3.57659
1067 -3.58211
1068 -3.58762
1069 -3.59314
1070 -3.59865
1071 -3.60417
1072 -3.60969
1073 -3.6152
1074 -3.62072
1075 -3.62623
1076 -3.63175
1077 -3.63726
1078 -3.64278
1079 -3.64829
1080 -3.65381
1081 -3.65932
1082 -3.66484
1083 -3.67035
1084 -3.67587
1085 -3.68138
1086 -3.6869
1087 -3.69241
1088 -3.69793
1089 -3.70344
1090 -3.70896
1091 -3.71447
1092 -3.71999
1093 -3.7255
1094 -3.73102
1095 -3.73654
1096 -3.74205
1097 -3.74757
1098 -3.75308
1099 -3.7586
1100 -3.76411
1101 -3.76963
1102 -3.77514
1103 -3.78066
1104 -3.78617
1105 -3.79169
1106 -3.7972
1107 -3.80272
1108 -3.80823
1109 -3.81375
1110 -3.81926
1111 -3.82478
1112 -3.83029
1113 -3.83581
1114 -3.84132
1115 -3.84684
1116 -3.85235
1117 -3.85787
1118 -3.86338
1119 -3.8689
1120 -3.87442
1121 -3.87993
1122 -3.88545
1123 -3.89096
1124 -3.89648
1125 -3.90199
1126 -3.90751
1127 -3.91302
1128 -3.91854
1129 -3.92405
1130 -3.92957
1131 -3.93508
1132 -3.9406
1133 -3.94611
1134 -3.95163
1135 -3.95714
1136 -3.96266
1137 -3.96817
1138 -3.97369
1139 -3.9792
1140 -3.98472
1141 -3.99023
1142 -3.99575
1143 -4.00126
1144 -4.00678
1145 -4.0123
1146 -4.01781
1147 -4.02333
1148 -4.02884
1149 -4.03436
1150 -4.03987
1151 -4.04539
1152 -4.0509
1153 -4.05642
1154 -4.06193
1155 -4.06745
1156 -4.07296
1157 -4.07848
1158 -4.08399
1159 -4.08951
1160 -4.09502
1161 -4.10054
1162 -4.10605
1163 -4.11157
1164 -4.11708
1165 -4.1226
1166 -4.12811
1167 -4.13363
1168 -4.13914
1169 -4.14466
1170 -4.15018
1171 -4.15569
1172 -4.16121
1173 -4.16672
1174 -4.17224
1175 -4.17775
1176 -4.18327
1177 -4.18878
1178 -4.1943
1179 -4.19981
1180 -4.20533
1181 -4.21084
1182 -4.21636
1183 -4.22187
1184 -4.22739
1185 -4.2329
1186 -4.23842
1187 -4.24393
1188 -4.24945
1189 -4.25496
1190 -4.26048
1191 -4.26599
1192 -4.27151
1193 -4.27702
1194 -4.28254
1195 -4.28805
1196 -4.29357
1197 -4.29909
1198 -4.3046
1199 -4.31012
1200 -4.31563
1201 -4.32115
1202 -4.32666
1203 -4.33218
1204 -4.33769
1205 -4.34321
1206 -4.34872
1207 -4.35424
1208 -4.35975
1209 -4.36527
1210 -4.37078
1211 -4.3763
1212 -4.38181
1213 -4.38733
1214 -4.39284
1215 -4.39836
1216 -4.40387
1217 -4.40939
1218 -4.4149
1219 -4.42042
1220 -4.42593
1221 -4.43145
1222 -4.43697
1223 -4.44248
1224 -4.448
1225 -4.45351
1226 -4.45903
1227 -4.46454
1228 -4.47006
1229 -4.47557
1230 -4.48109
1231 -4.4866
1232 -4.49212
1233 -4.49763
1234 -4.50315
1235 -4.50866
1236 -4.51418
1237 -4.51969
1238 -4.52521
1239 -4.53072
1240 -4.53624
1241 -4.54175
1242 -4.54727
1243 -4.55278
1244 -4.5583
1245 -4.56381
1246 -4.56933
1247 -4.57484
1248 -4.58036
1249 -4.58588
1250 -4.59139
1251 -4.59691
1252 -4.60242
1253 -4.60794
1254 -4.61345
1255 -4.61897
1256 -4.62448
1257 -4.63
1258 -4.63551
1259 -4.64103
1260 -4.64654
1261 -4.65206
1262 -4.65757
1263 -4.66309
1264 -4.6686
1265 -4.67412
1266 -4.67963
1267 -4.68515
1268 -4.69066
1269 -4.69618
1270 -4.70169
1271 -4.70721
1272 -4.71272
1273 -4.71824
1274 -4.72375
1275 -4.72927
1276 -4.73479
1277 -4.7403
1278 -4.74582
1279 -4.75133
1280 -4.75685
1281 -4.76236
1282 -4.76788
1283 -4.77339
1284 -4.77891
1285 -4.78442
1286 -4.78994
1287 -4.79545
1288 -4.80097
1289 -4.80648
1290 -4.812
1291 -4.81751
1292 -4.82303
1293 -4.82854
1294 -4.83406
1295 -4.83957
1296 -4.84509
1297 -4.8506
1298 -4.85612
1299 -4.86163
1300 -4.86715
1301 -4.87266
1302 -4.87818
1303 -4.8837
1304 -4.88921
1305 -4.89473
1306 -4.90024
1307 -4.90576
1308 -4.91127
1309 -4.91679
1310 -4.9223
1311 -4.92782
1312 -4.93333
1313 -4.93885
1314 -4.94436
1315 -4.94988
1316 -4.95539
1317 -4.96091
1318 -4.96642
1319 -4.97194
1320 -4.97745
1321 -4.98297
1322 -4.98848
1323 -4.994
1324 -4.99951
1325 -5.00503
1326 -5.01054
1327 -5.01606
1328 -5.02157
1329 -5.02709
1330 -5.03261
1331 -5.03812
1332 -5.04364
1333 -5.04915
1334 -5.05467
1335 -5.06018
1336 -5.0657
1337 -5.07121
1338 -5.07673
1339 -5.08224
1340 -5.08776
1341 -5.09327
1342 -5.09879
1343 -5.1043
1344 -5.10982
1345 -5.11533
1346 -5.12085
1347 -5.12636
1348 -5.13188
1349 -5.13739
1350 -5.14291
1351 -5.14842
1352 -5.15394
1353 -5.15945
1354 -5.16497
1355 -5.17048
1356 -5.176
1357 -5.18151
1358 -5.18703
1359 -5.19255
1360 -5.19806
1361 -5.20358
1362 -5.20909
1363 -5.21461
1364 -5.22012
1365 -5.22564
1366 -5.23115
1367 -5.23667
1368 -5.24218
1369 -5.2477
1370 -5.25321
1371 -5.25873
1372 -5.26424
1373 -5.26976
1374 -5.27527
1375 -5.28079
1376 -5.2863
1377 -5.29182
1378 -5.29733
1379 -5.30285
1380 -5.30836
1381 -5.31388
1382 -5.31939
1383 -5.32491
1384 -5.33042
1385 -5.33594
1386 -5.34146
1387 -5.34697
1388 -5.35249
1389 -5.358
1390 -5.36352
1391 -5.36903
1392 -5.37455
1393 -5.38006
1394 -5.38558
1395 -5.39109
1396 -5.39661
1397 -5.40212
1398 -5.40764
1399 -5.41315
1400 -5.41867
1401 -5.42418
1402 -5.4297
1403 -5.43521
1404 -5.44073
1405 -5.44624
1406 -5.45176
1407 -5.45727
1408 -5.46279
1409 -5.4683
1410 -5.47382
1411 -5.47933
1412 -5.48485
1413 -5.49037
1414 -5.49588
1415 -5.5014
1416 -5.50691
1417 -5.51243
1418 -5.51794
1419 -5.52346
1420 -5.52897
1421 -5.53449
1422 -5.54
1423 -5.54552
1424 -5.55103
1425 -5.55655
1426 -5.56206
1427 -5.56758
1428 -5.57309
1429 -5.57861
1430 -5.58412
1431 -5.58964
1432 -5.59515
1433 -5.60067
1434 -5.60618
1435 -5.6117
1436 -5.61721
1437 -5.62273
1438 -5.62824
1439 -5.63376
1440 -5.63928
1441 -5.64479
1442 -5.65031
1443 -5.65582
1444 -5.66134
1445 -5.66685
1446 -5.67237
1447 -5.67788
1448 -5.6834
1449 -5.68891
1450 -5.69443
1451 -5.69994
1452 -5.70546
1453 -5.71097
1454 -5.71649
1455 -5.722
1456 -5.72752
1457 -5.73303
1458 -5.73855
1459 -5.74406
1460 -5.74958
1461 -5.75509
1462 -5.76061
1463 -5.76612
1464 -5.77164
1465 -5.77715
1466 -5.78267
1467 -5.78818
1468 -5.7937
1469 -5.79922
1470 -5.80473
1471 -5.81025
1472 -5.81576
1473 -5.82128
1474 -5.82679
1475 -5.83231
1476 -5.83782
1477 -5.84334
1478 -5.84885
1479 -5.85437
1480 -5.85988
1481 -5.8654
1482 -5.87091
1483 -5.87643
1484 -5.88194
1485 -5.88746
1486 -5.89297
1487 -5.89849
1488 -5.904
1489 -5.90952
1490 -5.91503
1491 -5.92055
1492 -5.92606
1493 -5.93158
1494 -5.93709
1495 -5.94261
1496 -5.94813
1497 -5.95364
1498 -5.95916
1499 -5.96467
1500 -5.97019
1501 -5.9757
1502 -5.98122
1503 -5.98673
1504 -5.99225
1505 -5.99776
1506 -6.00328
1507 -6.00879
1508 -6.01431
1509 -6.01982
1510 -6.02534
1511 -6.03085
1512 -6.03637
1513 -6.04188
1514 -6.0474
1515 -6.05291
1516 -6.05843
1517 -6.06394
1518 -6.06946
1519 -6.07497
1520 -6.08049
1521 -6.086
1522 -6.09152
1523 -6.09704
1524 -6.10255
1525 -6.10807
1526 -6.11358
1527 -6.1191
1528 -6.12461
1529 -6.13013
1530 -6.13564
1531 -6.14116
1532 -6.14667
1533 -6.15219
1534 -6.1577
1535 -6.16322
1536 -6.16873
1537 -6.17425
1538 -6.17976
1539 -6.18528
1540 -6.19079
1541 -6.19631
1542 -6.20182
1543 -6.20734
1544 -6.21285
1545 -6.21837
1546 -6.22388
1547 -6.2294
1548 -6.23491
1549 -6.24043
1550 -6.24594
1551 -6.25146
1552 -6.25698
1553 -6.26249
1554 -6.26801
1555 -6.27352
1556 -6.27904
1557 -6.28455
1558 -6.29007
1559 -6.29558
1560 -6.3011
1561 -6.30661
1562 -6.31213
1563 -6.31764
1564 -6.32316
1565 -6.32867
1566 -6.33419
1567 -6.3397
1568 -6.34522
1569 -6.35073
1570 -6.35625
1571 -6.36176
1572 -6.36728
1573 -6.37279
1574 -6.37831
1575 -6.38382
1576 -6.38934
1577 -6.39485
1578 -6.40037
1579 -6.40589
1580 -6.4114
1581 -6.41692
1582 -6.42243
1583 -6.42795
1584 -6.43346
1585 -6.43898
1586 -6.44449
1587 -6.45001
1588 -6.45552
1589 -6.46104
1590 -6.46655
1591 -6.47207
1592 -6.47758
1593 -6.4831
1594 -6.48861
1595 -6.49413
1596 -6.49964
1597 -6.50516
1598 -6.51067
1599 -6.51619
1600 -6.5217
1601 -6.52722
1602 -6.53273
1603 -6.53825
1604 -6.54376
1605 -6.54928
1606 -6.5548
1607 -6.56031
1608 -6.56583
1609 -6.57134
1610 -6.57686
1611 -6.58237
1612 -6.58789
1613 -6.5934
1614 -6.59892
1615 -6.60443
1616 -6.60995
1617 -6.61546
1618 -6.62098
1619 -6.62649
1620 -6.63201
1621 -6.63752
1622 -6.64304
1623 -6.64855
1624 -6.65407
1625 -6.65958
1626 -6.6651
1627 -6.67061
1628 -6.67613
1629 -6.68164
1630 -6.68716
1631 -6.69267
1632 -6.69819
1633 -6.7037
1634 -6.70922
1635 -6.71474
1636 -6.72025
1637 -6.72577
1638 -6.73128
1639 -6.7368
1640 -6.74231
1641 -6.74783
1642 -6.75334
1643 -6.75886
1644 -6.76437
1645 -6.76989
1646 -6.7754
1647 -6.78092
1648 -6.78643
1649 -6.79195
1650 -6.79746
1651 -6.80298
1652 -6.80849
1653 -6.81401
1654 -6.81952
1655 -6.82504
1656 -6.83055
1657 -6.83607
1658 -6.84158
1659 -6.8471
1660 -6.85261
1661 -6.85813
1662 -6.86365
1663 -6.86916
1664 -6.87468
1665 -6.88019
1666 -6.88571
1667 -6.89122
1668 -6.89674
1669 -6.90225
1670 -6.90777
1671 -6.91328
1672 -6.9188
1673 -6.92431
1674 -6.92983
1675 -6.93534
1676 -6.94086
1677 -6.94637
1678 -6.95189
1679 -6.9574
1680 -6.96292
1681 -6.96843
1682 -6.97395
1683 -6.97946
1684 -6.98498
1685 -6.99049
1686 -6.99601
1687 -7.00152
1688 -7.00704
1689 -7.01256
1690 -7.01807
1691 -7.02359
1692 -7.0291
1693 -7.03462
1694 -7.04013
1695 -7.04565
1696 -7.05116
1697 -7.05668
1698 -7.06219
1699 -7.06771
1700 -7.07322
1701 -7.07874
1702 -7.08425
1703 -7.08977
1704 -7.09528
1705 -7.1008
1706 -7.10631
1707 -7.11183
1708 -7.11734
1709 -7.12286
1710 -7.12837
1711 -7.13389
1712 -7.1394
1713 -7.14492
1714 -7.15043
1715 -7.15595
1716 -7.16146
1717 -7.16698
1718 -7.1725
1719 -7.17801
1720 -7.18353
1721 -7.18904
1722 -7.19456
1723 -7.20007
1724 -7.20559
1725 -7.2111
1726 -7.21662
1727 -7.22213
1728 -7.22765
1729 -7.23316
1730 -7.23868
1731 -7.24419
1732 -7.24971
1733 -7.25522
1734 -7.26074
1735 -7.26625
1736 -7.27177
1737 -7.27728
1738 -7.2828
1739 -7.28831
1740 -7.29383
1741 -7.29934
1742 -7.30486
1743 -7.31037
1744 -7.31589
1745 -7.32141
1746 -7.32692
1747 -7.33244
1748 -7.33795
1749 -7.34347
1750 -7.34898
1751 -7.3545
1752 -7.36001
1753 -7.36553
1754 -7.37104
1755 -7.37656
1756 -7.38207
1757 -7.38759
1758 -7.3931
1759 -7.39862
1760 -7.40413
1761 -7.40965
1762 -7.41516
1763 -7.42068
1764 -7.42619
1765 -7.43171
1766 -7.43722
1767 -7.44274
1768 -7.44825
1769 -7.45377
1770 -7.45928
1771 -7.4648
1772 -7.47032
1773 -7.47583
1774 -7.48135
1775 -7.48686
1776 -7.49238
1777 -7.49789
1778 -7.50341
1779 -7.50892
1780 -7.51444
1781 -7.51995
1782 -7.52547
1783 -7.53098
1784 -7.5365
1785 -7.54201
1786 -7.54753
1787 -7.55304
1788 -7.55856
1789 -7.56407
1790 -7.56959
1791 -7.5751
1792 -7.58062
1793 -7.58613
1794 -7.59165
1795 -7.59716
1796 -7.60268
1797 -7.60819
1798 -7.61371
1799 -7.61922
1800 -7.62474
1801 -7.63026
1802 -7.63577
1803 -7.64129
1804 -7.6468
1805 -7.65232
1806 -7.65783
1807 -7.66335
1808 -7.66886
1809 -7.67438
1810 -7.67989
1811 -7.68541
1812 -7.69092
1813 -7.69644
1814 -7.70195
1815 -7.70747
1816 -7.71298
1817 -7.7185
1818 -7.72401
1819 -7.72953
1820 -7.73504
1821 -7.74056
1822 -7.74607
1823 -7.75159
1824 -7.7571
1825 -7.76262
1826 -7.76813
1827 -7.77365
1828 -7.77917
1829 -7.78468
1830 -7.7902
1831 -7.79571
1832 -7.80123
1833 -7.80674
1834 -7.81226
1835 -7.81777
1836 -7.82329
1837 -7.8288
1838 -7.83432
1839 -7.83983
1840 -7.84535
1841 -7.85086
1842 -7.85638
1843 -7.86189
1844 -7.86741
1845 -7.87292
1846 -7.87844
1847 -7.88395
1848 -7.88947
1849 -7.89498
1850 -7.9005
1851 -7.90601
1852 -7.91153
1853 -7.91704
1854 -7.92256
1855 -7.92808
1856 -7.93359
1857 -7.93911
1858 -7.94462
1859 -7.95014
1860 -7.95565
1861 -7.96117
1862 -7.96668
1863 -7.9722
1864 -7.97771
1865 -7.98323
1866 -7.98874
1867 -7.99426
1868 -7.99977
1869 -8.00529
1870 -8.0108
1871 -8.01632
1872 -8.02183
1873 -8.02735
1874 -8.03286
1875 -8.03838
1876 -8.04389
1877 -8.04941
1878 -8.05492
1879 -8.06044
1880 -8.06595
1881 -8.07147
1882 -8.07698
1883 -8.0825
1884 -8.08802
1885 -8.09353
1886 -8.09905
1887 -8.10456
1888 -8.11008
1889 -8.11559
1890 -8.12111
1891 -8.12662
1892 -8.13214
1893 -8.13765
1894 -8.14317
1895 -8.14868
1896 -8.1542
1897 -8.15971
1898 -8.16523
1899 -8.17074
1900 -8.17626
1901 -8.18177
1902 -8.18729
1903 -8.1928
1904 -8.19832
1905 -8.20383
1906 -8.20935
1907 -8.21486
1908 -8.22038
1909 -8.22589
1910 -8.23141
1911 -8.23693
1912 -8.24244
1913 -8.24796
1914 -8.25347
1915 -8.25899
1916 -8.2645
1917 -8.27002
1918 -8.27553
1919 -8.28105
1920 -8.28656
1921 -8.29208
1922 -8.29759
1923 -8.30311
1924 -8.30862
1925 -8.31414
1926 -8.31965
1927 -8.32517
1928 -8.33068
1929 -8.3362
1930 -8.34171
1931 -8.34723
1932 -8.35274
1933 -8.35826
1934 -8.36377
1935 -8.36929
1936 -8.3748
1937 -8.38032
1938 -8.38584
1939 -8.39135
1940 -8.39687
1941 -8.40238
1942 -8.4079
1943 -8.41341
1944 -8.41893
1945 -8.42444
1946 -8.42996
1947 -8.43547
1948 -8.44099
1949 -8.4465
1950 -8.45202
1951 -8.45753
1952 -8.46305
1953 -8.46856
1954 -8.47408
1955 -8.47959
1956 -8.48511
1957 -8.49062
1958 -8.49614
1959 -8.50165
1960 -8.50717
1961 -8.51268
1962 -8.5182
1963 -8.52371
1964 -8.52923
1965 -8.53474
1966 -8.54026
1967 -8.54578
1968 -8.55129
1969 -8.55681
1970 -8.56232
1971 -8.56784
1972 -8.57335
1973 -8.57887
1974 -8.58438
1975 -8.5899
1976 -8.59541
1977 -8.60093
1978 -8.60644
1979 -8.61196
1980 -8.61747
1981 -8.62299
1982 -8.6285
1983 -8.63402
1984 -8.63953
1985 -8.64505
1986 -8.65056
1987 -8.65608
1988 -8.66159
1989 -8.66711
1990 -8.67262
1991 -8.67814
1992 -8.68365
1993 -8.68917
1994 -8.69469
1995 -8.7002
1996 -8.70572
1997 -8.71123
1998 -8.71675
1999 -8.72226
2000 -8.72778
2001 -8.73329
2002 -8.73881
2003 -8.74432
2004 -8.74984
2005 -8.75535
2006 -8.76087
2007 -8.76638
2008 -8.7719
2009 -8.77741
2010 -8.78293
2011 -8.78844
2012 -8.79396
2013 -8.79947
2014 -8.80499
2015 -8.8105
2016 -8.81602
2017 -8.82153
2018 -8.82705
2019 -8.83256
2020 -8.83808
2021 -8.8436
2022 -8.84911
2023 -8.85463
2024 -8.86014
2025 -8.86566
2026 -8.87117
2027 -8.87669
2028 -8.8822
2029 -8.88772
2030 -8.89323
2031 -8.89875
2032 -8.90426
2033 -8.90978
2034 -8.91529
2035 -8.92081
2036 -8.92632
2037 -8.93184
2038 -8.93735
2039 -8.94287
2040 -8.94838
2041 -8.9539
2042 -8.95941
2043 -8.96493
2044 -8.97044
2045 -8.97596
2046 -8.98147
2047 -8.98699
2048 -8.9925
2049 -8.99802
2050 -9.00354
2051 -9.00905
2052 -9.01457
2053 -9.02008
2054 -9.0256
2055 -9.03111
2056 -9.03663
2057 -9.04214
2058 -9.04766
2059 -9.05317
2060 -9.05869
2061 -9.0642
2062 -9.06972
2063 -9.07523
2064 -9.08075
2065 -9.08626
2066 -9.09178
2067 -9.09729
2068 -9.10281
2069 -9.10832
2070 -9.11384
2071 -9.11935
2072 -9.12487
2073 -9.13038
2074 -9.1359
2075 -9.14141
2076 -9.14693
2077 -9.15245
2078 -9.15796
2079 -9.16348
2080 -9.16899
2081 -9.17451
2082 -9.18002
2083 -9.18554
2084 -9.19105
2085 -9.19657
2086 -9.20208
2087 -9.2076
2088 -9.21311
2089 -9.21863
2090 -9.22414
2091 -9.22966
2092 -9.23517
2093 -9.24069
2094 -9.2462
2095 -9.25172
2096 -9.25723
2097 -9.26275
2098 -9.26826
2099 -9.27378
2100 -9.27929
2101 -9.28481
2102 -9.29032
2103 -9.29584
2104 -9.30136
2105 -9.30687
2106 -9.31239
2107 -9.3179
2108 -9.32342
2109 -9.32893
2110 -9.33445
2111 -9.33996
2112 -9.34548
2113 -9.35099
2114 -9.35651
2115 -9.36202
2116 -9.36754
2117 -9.37305
2118 -9.37857
2119 -9.38408
2120 -9.3896
2121 -9.39511
2122 -9.40063
2123 -9.40614
2124 -9.41166
2125 -9.41717
2126 -9.42269
2127 -9.4282
2128 -9.43372
2129 -9.43923
2130 -9.44475
2131 -9.45026
2132 -9.45578
2133 -9.4613
2134 -9.46681
2135 -9.47233
2136 -9.47784
2137 -9.48336
2138 -9.48887
2139 -9.49439
2140 -9.4999
2141 -9.50542
2142 -9.51093
2143 -9.51645
2144 -9.52196
2145 -9.52748
2146 -9.53299
2147 -9.53851
2148 -9.54402
2149 -9.54954
2150 -9.55505
2151 -9.56057
2152 -9.56608
2153 -9.5716
2154 -9.57711
2155 -9.58263
2156 -9.58814
2157 -9.59366
2158 -9.59917
2159 -9.60469
2160 -9.61021
2161 -9.61572
2162 -9.62124
2163 -9.62675
2164 -9.63227
2165 -9.63778
2166 -9.6433
2167 -9.64881
2168 -9.65433
2169 -9.65984
2170 -9.66536
2171 -9.67087
2172 -9.67639
2173 -9.6819
2174 -9.68742
2175 -9.69293
2176 -9.69845
2177 -9.70396
2178 -9.70948
2179 -9.71499
2180 -9.72051
2181 -9.72602
2182 -9.73154
2183 -9.73705
2184 -9.74257
2185 -9.74808
2186 -9.7536
2187 -9.75912
2188 -9.76463
2189 -9.77015
2190 -9.77566
2191 -9.78118
2192 -9.78669
2193 -9.79221
2194 -9.79772
2195 -9.80324
2196 -9.80875
2197 -9.81427
2198 -9.81978
2199 -9.8253
2200 -9.83081
2201 -9.83633
2202 -9.84184
2203 -9.84736
2204 -9.85287
2205 -9.85839
2206 -9.8639
2207 -9.86942
2208 -9.87493
2209 -9.88045
2210 -9.88596
2211 -9.89148
2212 -9.89699
2213 -9.90251
2214 -9.90802
2215 -9.91354
2216 -9.91906
2217 -9.92457
2218 -9.93009
2219 -9.9356
2220 -9.94112
2221 -9.94663
2222 -9.95215
2223 -9.95766
2224 -9.96318
2225 -9.96869
2226 -9.97421
2227 -9.97972
2228 -9.98524
2229 -9.99075
2230 -9.99627
2231 -10.0018
2232 -10.0073
2233 -10.0128
2234 -10.0183
2235 -10.0238
2236 -10.0294
2237 -10.0349
2238 -10.0404
2239 -10.0459
2240 -10.0514
2241 -10.0569
2242 -10.0625
2243 -10.068
2244 -10.0735
2245 -10.079
2246 -10.0845
2247 -10.09
2248 -10.0955
2249 -10.1011
2250 -10.1066
2251 -10.1121
2252 -10.1176
2253 -10.1231
2254 -10.1286
2255 -10.1341
2256 -10.1397
2257 -10.1452
2258 -10.1507
2259 -10.1562
2260 -10.1617
2261 -10.1672
2262 -10.1728
2263 -10.1783
2264 -10.1838
2265 -10.1893
2266 -10.1948
2267 -10.2003
2268 -10.2058
2269 -10.2114
2270 -10.2169
2271 -10.2224
2272 -10.2279
2273 -10.2334
2274 -10.2389
2275 -10.2445
2276 -10.25
2277 -10.2555
2278 -10.261
2279 -10.2665
2280 -10.272
2281 -10.2775
2282 -10.2831
2283 -10.2886
2284 -10.2941
2285 -10.2996
2286 -10.3051
2287 -10.3106
2288 -10.3161
2289 -10.3217
2290 -10.3272
2291 -10.3327
2292 -10.3382
2293 -10.3437
2294 -10.3492
2295 -10.3548
2296 -10.3603
2297 -10.3658
2298 -10.3713
2299 -10.3768
2300 -10.3823
2301 -10.3878
2302 -10.3934
2303 -10.3989
2304 -10.4044
2305 -10.4099
2306 -10.4154
2307 -10.4209
2308 -10.4265
2309 -10.432
2310 -10.4375
2311 -10.443
2312 -10.4485
2313 -10.454
2314 -10.4595
2315 -10.4651
2316 -10.4706
2317 -10.4761
2318 -10.4816
2319 -10.4871
2320 -10.4926
2321 -10.4981
2322 -10.5037
2323 -10.5092
2324 -10.5147
2325 -10.5202
2326 -10.5257
2327 -10.5312
2328 -10.5368
2329 -10.5423
2330 -10.5478
2331 -10.5533
2332 -10.5588
2333 -10.5643
2334 -10.5698
2335 -10.5754
2336 -10.5809
2337 -10.5864
2338 -10.5919
2339 -10.5974
2340 -10.6029
2341 -10.6085
2342 -10.614
2343 -10.6195
2344 -10.625
2345 -10.6305
2346 -10.636
2347 -10.6415
2348 -10.6471
2349 -10.6526
2350 -10.6581
2351 -10.6636
2352 -10.6691
2353 -10.6746
2354 -10.6802
2355 -10.6857
2356 -10.6912
2357 -10.6967
2358 -10.7022
2359 -10.7077
2360 -10.7132
2361 -10.7188
2362 -10.7243
2363 -10.7298
2364 -10.7353
2365 -10.7408
2366 -10.7463
2367 -10.7518
2368 -10.7574
2369 -10.7629
2370 -10.7684
2371 -10.7739
2372 -10.7794
2373 -10.7849
2374 -10.7905
2375 -10.796
2376 -10.8015
2377 -10.807
2378 -10.8125
2379 -10.818
2380 -10.8235
2381 -10.8291
2382 -10.8346
2383 -10.8401
2384 -10.8456
2385 -10.8511
2386 -10.8566
2387 -10.8622
2388 -10.8677
2389 -10.8732
2390 -10.8787
2391 -10.8842
2392 -10.8897
2393 -10.8952
2394 -10.9008
2395 -10.9063
2396 -10.9118
2397 -10.9173
2398 -10.9228
2399 -10.9283
2400 -10.9338
2401 -10.9394
2402 -10.9449
2403 -10.9504
2404 -10.9559
2405 -10.9614
2406 -10.9669
2407 -10.9725
2408 -10.978
2409 -10.9835
2410 -10.989
2411 -10.9945
2412 -11
2413 -11.0055
2414 -11.0111
2415 -11.0166
2416 -11.0221
2417 -11.0276
2418 -11.0331
2419 -11.0386
2420 -11.0442
2421 -11.0497
2422 -11.0552
2423 -11.0607
2424 -11.0662
2425 -11.0717
2426 -11.0772
2427 -11.0828
2428 -11.0883
2429 -11.0938
2430 -11.0993
2431 -11.1048
2432 -11.1103
2433 -11.1158
2434 -11.1214
2435 -11.1269
2436 -11.1324
2437 -11.1379
2438 -11.1434
2439 -11.1489
2440 -11.1545
2441 -11.16
2442 -11.1655
2443 -11.171
2444 -11.1765
2445 -11.182
2446 -11.1875
2447 -11.1931
2448 -11.1986
2449 -11.2041
2450 -11.2096
2451 -11.2151
2452 -11.2206
2453 -11.2262
2454 -11.2317
2455 -11.2372
2456 -11.2427
2457 -11.2482
2458 -11.2537
2459 -11.2592
2460 -11.2648
2461 -11.2703
2462 -11.2758
2463 -11.2813
2464 -11.2868
2465 -11.2923
2466 -11.2979
2467 -11.3034
2468 -11.3089
2469 -11.3144
2470 -11.3199
2471 -11.3254
2472 -11.3309
2473 -11.3365
2474 -11.342
2475 -11.3475
2476 -11.353
2477 -11.3585
2478 -11.364
2479 -11.3695
2480 -11.3751
2481 -11.3806
2482 -11.3861
2483 -11.3916
2484 -11.3971
2485 -11.4026
2486 -11.4082
2487 -11.4137
2488 -11.4192
2489 -11.4247
2490 -11.4302
2491 -11.4357
2492 -11.4412
2493 -11.4468
2494 -11.4523
2495 -11.4578
2496 -11.4633
2497 -11.4688
2498 -11.4743
2499 -11.4799
2500 -11.4854
2501 -11.4909
2502 -11.4964
2503 -11.5019
2504 -11.5074
2505 -11.5129
2506 -11.5185
2507 -11.524
2508 -11.5295
2509 -11.535
2510 -11.5405
2511 -11.546
2512 -11.5515
2513 -11.5571
2514 -11.5626
2515 -11.5681
2516 -11.5736
2517 -11.5791
2518 -11.5846
2519 -11.5902
2520 -11.5957
2521 -11.6012
2522 -11.6067
2523 -11.6122
2524 -11.6177
2525 -11.6232
2526 -11.6288
2527 -11.6343
2528 -11.6398
2529 -11.6453
2530 -11.6508
2531 -11.6563
2532 -11.6619
2533 -11.6674
2534 -11.6729
2535 -11.6784
2536 -11.6839
2537 -11.6894
2538 -11.6949
2539 -11.7005
2540 -11.706
2541 -11.7115
2542 -11.717
2543 -11.7225
2544 -11.728
2545 -11.7335
2546 -11.7391
2547 -11.7446
2548 -11.7501
2549 -11.7556
2550 -11.7611
2551 -11.7666
2552 -11.7722
2553 -11.7777
2554 -11.7832
2555 -11.7887
2556 -11.7942
2557 -11.7997
2558 -11.8052
2559 -11.8108
2560 -11.8163
2561 -11.8218
2562 -11.8273
2563 -11.8328
2564 -11.8383
2565 -11.8439
2566 -11.8494
2567 -11.8549
2568 -11.8604
2569 -11.8659
2570 -11.8714
2571 -11.8769
2572 -11.8825
2573 -11.888
2574 -11.8935
2575 -11.899
2576 -11.9045
2577 -11.91
2578 -11.9156
2579 -11.9211
2580 -11.9266
2581 -11.9321
2582 -11.9376
2583 -11.9431
2584 -11.9486
2585 -11.9542
2586 -11.9597
2587 -11.9652
2588 -11.9707
2589 -11.9762
2590 -11.9817
2591 -11.9872
2592 -11.9928
2593 -11.9983
2594 -12.0038
2595 -12.0093
2596 -12.0148
2597 -12.0203
2598 -12.0259
2599 -12.0314
2600 -12.0369
2601 -12.0424
2602 -12.0479
2603 -12.0534
2604 -12.0589
2605 -12.0645
2606 -12.07
2607 -12.0755
2608 -12.081
2609 -12.0865
2610 -12.092
2611 -12.0976
2612 -12.1031
2613 -12.1086
2614 -12.1141
2615 -12.1196
2616 -12.1251
2617 -12.1306
2618 -12.1362
2619 -12.1417
2620 -12.1472
2621 -12.1527
2622 -12.1582
2623 -12.1637
2624 -12.1692
2625 -12.1748
2626 -12.1803
2627 -12.1858
2628 -12.1913
2629 -12.1968
2630 -12.2023
2631 -12.2079
2632 -12.2134
2633 -12.2189
2634 -12.2244
2635 -12.2299
2636 -12.2354
2637 -12.2409
2638 -12.2465
2639 -12.252
2640 -12.2575
2641 -12.263
2642 -12.2685
2643 -12.274
2644 -12.2796
2645 -12.2851
2646 -12.2906
2647 -12.2961
2648 -12.3016
2649 -12.3071
2650 -12.3126
2651 -12.3182
2652 -12.3237
2653 -12.3292
2654 -12.3347
2655 -12.3402
2656 -12.3457
2657 -12.3512
2658 -12.3568
2659 -12.3623
2660 -12.3678
2661 -12.3733
2662 -12.3788
2663 -12.3843
2664 -12.3899
2665 -12.3954
2666 -12.4009
2667 -12.4064
2668 -12.4119
2669 -12.4174
2670 -12.4229
2671 -12.4285
2672 -12.434
2673 -12.4395
2674 -12.445
2675 -12.4505
2676 -12.456
2677 -12.4616
2678 -12.4671
2679 -12.4726
2680 -12.4781
2681 -12.4836
2682 -12.4891
2683 -12.4946
2684 -12.5002
2685 -12.5057
2686 -12.5112
2687 -12.5167
2688 -12.5222
2689 -12.5277
2690 -12.5333
2691 -12.5388
2692 -12.5443
2693 -12.5498
2694 -12.5553
2695 -12.5608
2696 -12.5663
2697 -12.5719
2698 -12.5774
2699 -12.5829
2700 -12.5884
2701 -12.5939
2702 -12.5994
2703 -12.6049
2704 -12.6105
2705 -12.616
2706 -12.6215
2707 -12.627
2708 -12.6325
2709 -12.638
2710 -12.6436
2711 -12.6491
2712 -12.6546
2713 -12.6601
2714 -12.6656
2715 -12.6711
2716 -12.6766
2717 -12.6822
2718 -12.6877
2719 -12.6932
2720 -12.6987
2721 -12.7042
2722 -12.7097
2723 -12.7153
2724 -12.7208
2725 -12.7263
2726 -12.7318
2727 -12.7373
2728 -12.7428
2729 -12.7483
2730 -12.7539
2731 -12.7594
2732 -12.7649
2733 -12.7704
2734 -12.7759
2735 -12.7814
2736 -12.7869
2737 -12.7925
2738 -12.798
2739 -12.8035
2740 -12.809
2741 -12.8145
2742 -12.82
2743 -12.8256
2744 -12.8311
2745 -12.8366
2746 -12.8421
2747 -12.8476
2748 -12.8531
2749 -12.8586
2750 -12.8642
2751 -12.8697
2752 -12.8752
2753 -12.8807
2754 -12.8862
2755 -12.8917
2756 -12.8973
2757 -12.9028
2758 -12.9083
2759 -12.9138
2760 -12.9193
2761 -12.9248
2762 -12.9303
2763 -12.9359
2764 -12.9414
2765 -12.9469
2766 -12.9524
2767 -12.9579
2768 -12.9634
2769 -12.969
2770 -12.9745
2771 -12.98
2772 -12.9855
2773 -12.991
2774 -12.9965
2775 -13.002
2776 -13.0076
2777 -13.0131
2778 -13.0186
2779 -13.0241
2780 -13.0296
2781 -13.0351
2782 -13.0406
2783 -13.0462
2784 -13.0517
2785 -13.0572
2786 -13.0627
2787 -13.0682
2788 -13.0737
2789 -13.0793
2790 -13.0848
2791 -13.0903
2792 -13.0958
2793 -13.1013
2794 -13.1068
2795 -13.1123
2796 -13.1179
2797 -13.1234
2798 -13.1289
2799 -13.1344
2800 -13.1399
2801 -13.1454
2802 -13.151
2803 -13.1565
2804 -13.162
2805 -13.1675
2806 -13.173
2807 -13.1785
2808 -13.184
2809 -13.1896
2810 -13.1951
2811 -13.2006
2812 -13.2061
2813 -13.2116
2814 -13.2171
2815 -13.2226
2816 -13.2282
2817 -13.2337
2818 -13.2392
2819 -13.2447
2820 -13.2502
2821 -13.2557
2822 -13.2613
2823 -13.2668
2824 -13.2723
2825 -13.2778
2826 -13.2833
2827 -13.2888
2828 -13.2943
2829 -13.2999
2830 -13.3054
2831 -13.3109
2832 -13.3164
2833 -13.3219
2834 -13.3274
2835 -13.333
2836 -13.3385
2837 -13.344
2838 -13.3495
2839 -13.355
2840 -13.3605
2841 -13.366
2842 -13.3716
2843 -13.3771
2844 -13.3826
2845 -13.3881
2846 -13.3936
2847 -13.3991
2848 -13.4046
2849 -13.4102
2850 -13.4157
2851 -13.4212
2852 -13.4267
2853 -13.4322
2854 -13.4377
2855 -13.4433
2856 -13.4488
2857 -13.4543
2858 -13.4598
2859 -13.4653
2860 -13.4708
2861 -13.4763
2862 -13.4819
2863 -13.4874
2864 -13.4929
2865 -13.4984
2866 -13.5039
2867 -13.5094
2868 -13.515
2869 -13.5205
2870 -13.526
2871 -13.5315
2872 -13.537
2873 -13.5425
2874 -13.548
2875 -13.5536
2876 -13.5591
2877 -13.5646
2878 -13.5701
2879 -13.5756
2880 -13.5811
2881 -13.5867
2882 -13.5922
2883 -13.5977
2884 -13.6032
2885 -13.6087
2886 -13.6142
2887 -13.6197
2888 -13.6253
2889 -13.6308
2890 -13.6363
2891 -13.6418
2892 -13.6473
2893 -13.6528
2894 -13.6583
2895 -13.6639
2896 -13.6694
2897 -13.6749
2898 -13.6804
2899 -13.6859
2900 -13.6914
2901 -13.697
2902 -13.7025
2903 -13.708
2904 -13.7135
2905 -13.719
2906 -13.7245
2907 -13.73
2908 -13.7356
2909 -13.7411
2910 -13.7466
2911 -13.7521
2912 -13.7576
2913 -13.7631
2914 -13.7687
2915 -13.7742
2916 -13.7797
2917 -13.7852
2918 -13.7907
2919 -13.7962
2920 -13.8017
2921 -13.8073
2922 -13.8128
2923 -13.8183
2924 -13.8238
2925 -13.8293
2926 -13.8348
2927 -13.8403
2928 -13.8459
2929 -13.8514
2930 -13.8569
2931 -13.8624
2932 -13.8679
2933 -13.8734
2934 -13.879
2935 -13.8845
2936 -13.89
2937 -13.8955
2938 -13.901
2939 -13.9065
2940 -13.912
2941 -13.9176
2942 -13.9231
2943 -13.9286
2944 -13.9341
2945 -13.9396
2946 -13.9451
2947 -13.9507
2948 -13.9562
2949 -13.9617
2950 -13.9672
2951 -13.9727
2952 -13.9782
2953 -13.9837
2954 -13.9893
2955 -13.9948
2956 -14.0003
2957 -14.0058
2958 -14.0113
2959 -14.0168
2960 -14.0223
2961 -14.0279
2962 -14.0334
2963 -14.0389
2964 -14.0444
2965 -14.0499
2966 -14.0554
2967 -14.061
2968 -14.0665
2969 -14.072
2970 -14.0775
2971 -14.083
2972 -14.0885
2973 -14.094
2974 -14.0996
2975 -14.1051
2976 -14.1106
2977 -14.1161
2978 -14.1216
2979 -14.1271
2980 -14.1327
2981 -14.1382
2982 -14.1437
2983 -14.1492
2984 -14.1547
2985 -14.1602
2986 -14.1657
2987 -14.1713
2988 -14.1768
2989 -14.1823
2990 -14.1878
2991 -14.1933
2992 -14.1988
2993 -14.2044
2994 -14.2099
2995 -14.2154
2996 -14.2209
2997 -14.2264
2998 -14.2319
2999 -14.2374
3000 -14.243
3001 -14.2485
3002 -14.254
3003 -14.2595
3004 -14.265
3005 -14.2705
3006 -14.276
3007 -14.2816
3008 -14.2871
3009 -14.2926
3010 -14.2981
3011 -14.3036
3012 -14.3091
3013 -14.3147
3014 -14.3202
3015 -14.3257
3016 -14.3312
3017 -14.3367
3018 -14.3422
3019 -14.3477
3020 -14.3533
3021 -14.3588
3022 -14.3643
3023 -14.3698
3024 -14.3753
3025 -14.3808
3026 -14.3864
3027 -14.3919
3028 -14.3974
3029 -14.4029
3030 -14.4084
3031 -14.4139
3032 -14.4194
3033 -14.425
3034 -14.4305
3035 -14.436
3036 -14.4415
3037 -14.447
3038 -14.4525
3039 -14.458
3040 -14.4636
3041 -14.4691
3042 -14.4746
3043 -14.4801
3044 -14.4856
3045 -14.4911
3046 -14.4967
3047 -14.5022
3048 -14.5077
3049 -14.5132
3050 -14.5187
3051 -14.5242
3052 -14.5297
3053 -14.5353
3054 -14.5408
3055 -14.5463
3056 -14.5518
3057 -14.5573
3058 -14.5628
3059 -14.5684
3060 -14.5739
3061 -14.5794
3062 -14.5849
3063 -14.5904
3064 -14.5959
3065 -14.6014
3066 -14.607
3067 -14.6125
3068 -14.618
3069 -14.6235
3070 -14.629
3071 -14.6345
3072 -14.64
3073 -14.6456
3074 -14.6511
3075 -14.6566
3076 -14.6621
3077 -14.6676
3078 -14.6731
3079 -14.6787
3080 -14.6842
3081 -14.6897
3082 -14.6952
3083 -14.7007
3084 -14.7062
3085 -14.7117
3086 -14.7173
3087 -14.7228
3088 -14.7283
3089 -14.7338
3090 -14.7393
3091 -14.7448
3092 -14.7504
3093 -14.7559
3094 -14.7614
3095 -14.7669
3096 -14.7724
3097 -14.7779
3098 -14.7834
3099 -14.789
3100 -14.7945
3101 -14.8
3102 -14.8055
3103 -14.811
3104 -14.8165
3105 -14.8221
3106 -14.8276
3107 -14.8331
3108 -14.8386
3109 -14.8441
3110 -14.8496
3111 -14.8551
3112 -14.8607
3113 -14.8662
3114 -14.8717
3115 -14.8772
3116 -14.8827
3117 -14.8882
3118 -14.8937
3119 -14.8993
3120 -14.9048
3121 -14.9103
3122 -14.9158
3123 -14.9213
3124 -14.9268
3125 -14.9324
3126 -14.9379
3127 -14.9434
3128 -14.9489
3129 -14.9544
3130 -14.9599
3131 -14.9654
3132 -14.971
3133 -14.9765
3134 -14.982
3135 -14.9875
3136 -14.993
3137 -14.9985
3138 -15.0041
3139 -15.0096
3140 -15.0151
3141 -15.0206
3142 -15.0261
3143 -15.0316
3144 -15.0371
3145 -15.0427
3146 -15.0482
3147 -15.0537
3148 -15.0592
3149 -15.0647
3150 -15.0702
3151 -15.0757
3152 -15.0813
3153 -15.0868
3154 -15.0923
3155 -15.0978
3156 -15.1033
3157 -15.1088
3158 -15.1144
3159 -15.1199
3160 -15.1254
3161 -15.1309
3162 -15.1364
3163 -15.1419
3164 -15.1474
3165 -15.153
3166 -15.1585
3167 -15.164
3168 -15.1695
3169 -15.175
3170 -15.1805
3171 -15.1861
3172 -15.1916
3173 -15.1971
3174 -15.2026
3175 -15.2081
3176 -15.2136
3177 -15.2191
3178 -15.2247
3179 -15.2302
3180 -15.2357
3181 -15.2412
3182 -15.2467
3183 -15.2522
3184 -15.2578
3185 -15.2633
3186 -15.2688
3187 -15.2743
3188 -15.2798
3189 -15.2853
3190 -15.2908
3191 -15.2964
3192 -15.3019
3193 -15.3074
3194 -15.3129
3195 -15.3184
3196 -15.3239
3197 -15.3294
3198 -15.335
3199 -15.3405
3200 -15.346
3201 -15.3515
3202 -15.357
3203 -15.3625
3204 -15.3681
3205 -15.3736
3206 -15.3791
3207 -15.3846
3208 -15.3901
3209 -15.3956
3210 -15.4011
3211 -15.4067
3212 -15.4122
3213 -15.4177
3214 -15.4232
3215 -15.4287
3216 -15.4342
3217 -15.4398
3218 -15.4453
3219 -15.4508
3220 -15.4563
3221 -15.4618
3222 -15.4673
3223 -15.4728
3224 -15.4784
3225 -15.4839
3226 -15.4894
3227 -15.4949
3228 -15.5004
3229 -15.5059
3230 -15.5114
3231 -15.517
3232 -15.5225
3233 -15.528
3234 -15.5335
3235 -15.539
3236 -15.5445
3237 -15.5501
3238 -15.5556
3239 -15.5611
3240 -15.5666
3241 -15.5721
3242 -15.5776
3243 -15.5831
3244 -15.5887
3245 -15.5942
3246 -15.5997
3247 -15.6052
3248 -15.6107
3249 -15.6162
3250 -15.6218
3251 -15.6273
3252 -15.6328
3253 -15.6383
3254 -15.6438
3255 -15.6493
3256 -15.6548
3257 -15.6604
3258 -15.6659
3259 -15.6714
3260 -15.6769
3261 -15.6824
3262 -15.6879
3263 -15.6934
3264 -15.699
3265 -15.7045
3266 -15.71
3267 -15.7155
3268 -15.721
3269 -15.7265
3270 -15.7321
3271 -15.7376
3272 -15.7431
3273 -15.7486
3274 -15.7541
3275 -15.7596
3276 -15.7651
3277 -15.7707
3278 -15.7762
3279 -15.7817
3280 -15.7872
3281 -15.7927
3282 -15.7982
3283 -15.8038
3284 -15.8093
3285 -15.8148
3286 -15.8203
3287 -15.8258
3288 -15.8313
3289 -15.8368
3290 -15.8424
3291 -15.8479
3292 -15.8534
3293 -15.8589
3294 -15.8644
3295 -15.8699
3296 -15.8755
3297 -15.881
3298 -15.8865
3299 -15.892
3300 -15.8975
3301 -15.903
3302 -15.9085
3303 -15.9141
3304 -15.9196
3305 -15.9251
3306 -15.9306
3307 -15.9361
3308 -15.9416
3309 -15.9471
3310 -15.9527
3311 -15.9582
3312 -15.9637
3313 -15.9692
3314 -15.9747
3315 -15.9802
3316 -15.9858
3317 -15.9913
3318 -15.9968
3319 -16.0023
3320 -16.0078
3321 -16.0133
3322 -16.0188
3323 -16.0244
3324 -16.0299
3325 -16.0354
3326 -16.0409
3327 -16.0464
3328 -16.0519
3329 -16.0575
3330 -16.063
3331 -16.0685
3332 -16.074
3333 -16.0795
3334 -16.085
3335 -16.0905
3336 -16.0961
3337 -16.1016
3338 -16.1071
3339 -16.1126
3340 -16.1181
3341 -16.1236
3342 -16.1291
3343 -16.1347
3344 -16.1402
3345 -16.1457
3346 -16.1512
3347 -16.1567
3348 -16.1622
3349 -16.1678
3350 -16.1733
3351 -16.1788
3352 -16.1843
3353 -16.1898
3354 -16.1953
3355 -16.2008
3356 -16.2064
3357 -16.2119
3358 -16.2174
3359 -16.2229
3360 -16.2284
3361 -16.2339
3362 -16.2395
3363 -16.245
3364 -16.2505
3365 -16.256
3366 -16.2615
3367 -16.267
3368 -16.2725
3369 -16.2781
3370 -16.2836
3371 -16.2891
3372 -16.2946
3373 -16.3001
3374 -16.3056
3375 -16.3111
3376 -16.3167
3377 -16.3222
3378 -16.3277
3379 -16.3332
3380 -16.3387
3381 -16.3442
3382 -16.3498
3383 -16.3553
3384 -16.3608
3385 -16.3663
3386 -16.3718
3387 -16.3773
3388 -16.3828
3389 -16.3884
3390 -16.3939
3391 -16.3994
3392 -16.4049
3393 -16.4104
3394 -16.4159
3395 -16.4215
3396 -16.427
3397 -16.4325
3398 -16.438
3399 -16.4435
3400 -16.449
3401 -16.4545
3402 -16.4601
3403 -16.4656
3404 -16.4711
3405 -16.4766
3406 -16.4821
3407 -16.4876
3408 -16.4932
3409 -16.4987
3410 -16.5042
3411 -16.5097
3412 -16.5152
3413 -16.5207
3414 -16.5262
3415 -16.5318
3416 -16.5373
3417 -16.5428
3418 -16.5483
3419 -16.5538
3420 -16.5593
3421 -16.5648
3422 -16.5704
3423 -16.5759
3424 -16.5814
3425 -16.5869
3426 -16.5924
3427 -16.5979
3428 -16.6035
3429 -16.609
3430 -16.6145
3431 -16.62
3432 -16.6255
3433 -16.631
3434 -16.6365
3435 -16.6421
3436 -16.6476
3437 -16.6531
3438 -16.6586
3439 -16.6641
3440 -16.6696
3441 -16.6752
3442 -16.6807
3443 -16.6862
3444 -16.6917
3445 -16.6972
3446 -16.7027
3447 -16.7082
3448 -16.7138
3449 -16.7193
3450 -16.7248
3451 -16.7303
3452 -16.7358
3453 -16.7413
3454 -16.7468
3455 -16.7524
3456 -16.7579
3457 -16.7634
3458 -16.7689
3459 -16.7744
3460 -16.7799
3461 -16.7855
3462 -16.791
3463 -16.7965
3464 -16.802
3465 -16.8075
3466 -16.813
3467 -16.8185
3468 -16.8241
3469 -16.8296
3470 -16.8351
3471 -16.8406
3472 -16.8461
3473 -16.8516
3474 -16.8572
3475 -16.8627
3476 -16.8682
3477 -16.8737
3478 -16.8792
3479 -16.8847
3480 -16.8902
3481 -16.8958
3482 -16.9013
3483 -16.9068
3484 -16.9123
3485 -16.9178
3486 -16.9233
3487 -16.9289
3488 -16.9344
3489 -16.9399
3490 -16.9454
3491 -16.9509
3492 -16.9564
3493 -16.9619
3494 -16.9675
3495 -16.973
3496 -16.9785
3497 -16.984
3498 -16.9895
3499 -16.995
3500 -17.0005
3501 -17.0061
3502 -17.0116
3503 -17.0171
3504 -17.0226
3505 -17.0281
3506 -17.0336
3507 -17.0392
3508 -17.0447
3509 -17.0502
3510 -17.0557
3511 -17.0612
3512 -17.0667
3513 -17.0722
3514 -17.0778
3515 -17.0833
3516 -17.0888
3517 -17.0943
3518 -17.0998
3519 -17.1053
3520 -17.1109
3521 -17.1164
3522 -17.1219
3523 -17.1274
3524 -17.1329
3525 -17.1384
3526 -17.1439
3527 -17.1495
3528 -17.155
3529 -17.1605
3530 -17.166
3531 -17.1715
3532 -17.177
3533 -17.1825
3534 -17.1881
3535 -17.1936
3536 -17.1991
3537 -17.2046
3538 -17.2101
3539 -17.2156
3540 -17.2212
3541 -17.2267
3542 -17.2322
3543 -17.2377
3544 -17.2432
3545 -17.2487
3546 -17.2542
3547 -17.2598
3548 -17.2653
3549 -17.2708
3550 -17.2763
3551 -17.2818
3552 -17.2873
3553 -17.2929
3554 -17.2984
3555 -17.3039
3556 -17.3094
3557 -17.3149
3558 -17.3204
3559 -17.3259
3560 -17.3315
3561 -17.337
3562 -17.3425
3563 -17.348
3564 -17.3535
3565 -17.359
3566 -17.3645
3567 -17.3701
3568 -17.3756
3569 -17.3811
3570 -17.3866
3571 -17.3921
3572 -17.3976
3573 -17.4032
3574 -17.4087
3575 -17.4142
3576 -17.4197
3577 -17.4252
3578 -17.4307
3579 -17.4362
3580 -17.4418
3581 -17.4473
3582 -17.4528
3583 -17.4583
3584 -17.4638
3585 -17.4693
3586 -17.4749
3587 -17.4804
3588 -17.4859
3589 -17.4914
3590 -17.4969
3591 -17.5024
3592 -17.5079
3593 -17.5135
3594 -17.519
3595 -17.5245
3596 -17.53
3597 -17.5355
3598 -17.541
3599 -17.5466
3600 -17.5521
3601 -17.5576
3602 -17.5631
3603 -17.5686
3604 -17.5741
3605 -17.5796
3606 -17.5852
3607 -17.5907
3608 -17.5962
3609 -17.6017
3610 -17.6072
3611 -17.6127
3612 -17.6182
3613 -17.6238
3614 -17.6293
3615 -17.6348
3616 -17.6403
3617 -17.6458
3618 -17.6513
3619 -17.6569
3620 -17.6624
3621 -17.6679
3622 -17.6734
3623 -17.6789
3624 -17.6844
3625 -17.6899
3626 -17.6955
3627 -17.701
3628 -17.7065
3629 -17.712
3630 -17.7175
3631 -17.723
3632 -17.7286
3633 -17.7341
3634 -17.7396
3635 -17.7451
3636 -17.7506
3637 -17.7561
3638 -17.7616
3639 -17.7672
3640 -17.7727
3641 -17.7782
3642 -17.7837
3643 -17.7892
3644 -17.7947
3645 -17.8002
3646 -17.8058
3647 -17.8113
3648 -17.8168
3649 -17.8223
3650 -17.8278
3651 -17.8333
3652 -17.8389
3653 -17.8444
3654 -17.8499
3655 -17.8554
3656 -17.8609
3657 -17.8664
3658 -17.8719
3659 -17.8775
3660 -17.883
3661 -17.8885
3662 -17.894
3663 -17.8995
3664 -17.905
3665 -17.9106
3666 -17.9161
3667 -17.9216
3668 -17.9271
3669 -17.9326
3670 -17.9381
3671 -17.9436
3672 -17.9492
3673 -17.9547
3674 -17.9602
3675 -17.9657
3676 -17.9712
3677 -17.9767
3678 -17.9822
3679 -17.9878
3680 -17.9933
3681 -17.9988
3682 -18.0043
3683 -18.0098
3684 -18.0153
3685 -18.0209
3686 -18.0264
3687 -18.0319
3688 -18.0374
3689 -18.0429
3690 -18.0484
3691 -18.0539
3692 -18.0595
3693 -18.065
3694 -18.0705
3695 -18.076
3696 -18.0815
3697 -18.087
3698 -18.0926
3699 -18.0981
3700 -18.1036
3701 -18.1091
3702 -18.1146
3703 -18.1201
3704 -18.1256
3705 -18.1312
3706 -18.1367
3707 -18.1422
3708 -18.1477
3709 -18.1532
3710 -18.1587
3711 -18.1643
3712 -18.1698
3713 -18.1753
3714 -18.1808
3715 -18.1863
3716 -18.1918
3717 -18.1973
3718 -18.2029
3719 -18.2084
3720 -18.2139
3721 -18.2194
3722 -18.2249
3723 -18.2304
3724 -18.2359
3725 -18.2415
3726 -18.247
3727 -18.2525
3728 -18.258
3729 -18.2635
3730 -18.269
3731 -18.2746
3732 -18.2801
3733 -18.2856
3734 -18.2911
3735 -18.2966
3736 -18.3021
3737 -18.3076
3738 -18.3132
3739 -18.3187
3740 -18.3242
3741 -18.3297
3742 -18.3352
3743 -18.3407
3744 -18.3463
3745 -18.3518
3746 -18.3573
3747 -18.3628
3748 -18.3683
3749 -18.3738
3750 -18.3793
3751 -18.3849
3752 -18.3904
3753 -18.3959
3754 -18.4014
3755 -18.4069
3756 -18.4124
3757 -18.4179
3758 -18.4235
3759 -18.429
3760 -18.4345
3761 -18.44
3762 -18.4455
3763 -18.451
3764 -18.4566
3765 -18.4621
3766 -18.4676
3767 -18.4731
3768 -18.4786
3769 -18.4841
3770 -18.4896
3771 -18.4952
3772 -18.5007
3773 -18.5062
3774 -18.5117
3775 -18.5172
3776 -18.5227
3777 -18.5283
3778 -18.5338
3779 -18.5393
3780 -18.5448
3781 -18.5503
3782 -18.5558
3783 -18.5613
3784 -18.5669
3785 -18.5724
3786 -18.5779
3787 -18.5834
3788 -18.5889
3789 -18.5944
3790 -18.6
3791 -18.6055
3792 -18.611
3793 -18.6165
3794 -18.622
3795 -18.6275
3796 -18.633
3797 -18.6386
3798 -18.6441
3799 -18.6496
3800 -18.6551
3801 -18.6606
3802 -18.6661
3803 -18.6716
3804 -18.6772
3805 -18.6827
3806 -18.6882
3807 -18.6937
3808 -18.6992
3809 -18.7047
3810 -18.7103
3811 -18.7158
3812 -18.7213
3813 -18.7268
3814 -18.7323
3815 -18.7378
3816 -18.7433
3817 -18.7489
3818 -18.7544
3819 -18.7599
3820 -18.7654
3821 -18.7709
3822 -18.7764
3823 -18.782
3824 -18.7875
3825 -18.793
3826 -18.7985
3827 -18.804
3828 -18.8095
3829 -18.815
3830 -18.8206
3831 -18.8261
3832 -18.8316
3833 -18.8371
3834 -18.8426
3835 -18.8481
3836 -18.8536
3837 -18.8592
3838 -18.8647
3839 -18.8702
3840 -18.8757
3841 -18.8812
3842 -18.8867
3843 -18.8923
3844 -18.8978
3845 -18.9033
3846 -18.9088
3847 -18.9143
3848 -18.9198
3849 -18.9253
3850 -18.9309
3851 -18.9364
3852 -18.9419
3853 -18.9474
3854 -18.9529
3855 -18.9584
3856 -18.964
3857 -18.9695
3858 -18.975
3859 -18.9805
3860 -18.986
3861 -18.9915
3862 -18.997
3863 -19.0026
3864 -19.0081
3865 -19.0136
3866 -19.0191
3867 -19.0246
3868 -19.0301
3869 -19.0357
3870 -19.0412
3871 -19.0467
3872 -19.0522
3873 -19.0577
3874 -19.0632
3875 -19.0687
3876 -19.0743
3877 -19.0798
3878 -19.0853
3879 -19.0908
3880 -19.0963
3881 -19.1018
3882 -19.1073
3883 -19.1129
3884 -19.1184
3885 -19.1239
3886 -19.1294
3887 -19.1349
3888 -19.1404
3889 -19.146
3890 -19.1515
3891 -19.157
3892 -19.1625
3893 -19.168
3894 -19.1735
3895 -19.179
3896 -19.1846
3897 -19.1901
3898 -19.1956
3899 -19.2011
3900 -19.2066
3901 -19.2121
3902 -19.2177
3903 -19.2232
3904 -19.2287
3905 -19.2342
3906 -19.2397
3907 -19.2452
3908 -19.2507
3909 -19.2563
3910 -19.2618
3911 -19.2673
3912 -19.2728
3913 -19.2783
3914 -19.2838
3915 -19.2893
3916 -19.2949
3917 -19.3004
3918 -19.3059
3919 -19.3114
3920 -19.3169
3921 -19.3224
3922 -19.328
3923 -19.3335
3924 -19.339
3925 -19.3445
3926 -19.35
3927 -19.3555
3928 -19.361
3929 -19.3666
3930 -19.3721
3931 -19.3776
3932 -19.3831
3933 -19.3886
3934 -19.3941
3935 -19.3997
3936 -19.4052
3937 -19.4107
3938 -19.4162
3939 -19.4217
3940 -19.4272
3941 -19.4327
3942 -19.4383
3943 -19.4438
3944 -19.4493
3945 -19.4548
3946 -19.4603
3947 -19.4658
3948 -19.4713
3949 -19.4769
3950 -19.4824
3951 -19.4879
3952 -19.4934
3953 -19.4989
3954 -19.5044
3955 -19.51
3956 -19.5155
3957 -19.521
3958 -19.5265
3959 -19.532
3960 -19.5375
3961 -19.543
3962 -19.5486
3963 -19.5541
3964 -19.5596
3965 -19.5651
3966 -19.5706
3967 -19.5761
3968 -19.5817
3969 -19.5872
3970 -19.5927
3971 -19.5982
3972 -19.6037
3973 -19.6092
3974 -19.6147
3975 -19.6203
3976 -19.6258
3977 -19.6313
3978 -19.6368
3979 -19.6423
3980 -19.6478
3981 -19.6533
3982 -19.6589
3983 -19.6644
3984 -19.6699
3985 -19.6754
3986 -19.6809
3987 -19.6864
3988 -19.692
3989 -19.6975
3990 -19.703
3991 -19.7085
3992 -19.714
3993 -19.7195
3994 -19.725
3995 -19.7306
3996 -19.7361
3997 -19.7416
3998 -19.7471
3999 -19.7526
4000 -19.7581
4001 -19.7637
4002 -19.7692
4003 -19.7747
4004 -19.7802
4005 -19.7857
4006 -19.7912
4007 -19.7967
4008 -19.8023
4009 -19.8078
4010 -19.8133
4011 -19.8188
4012 -19.8243
4013 -19.8298
4014 -19.8354
4015 -19.8409
4016 -19.8464
4017 -19.8519
4018 -19.8574
4019 -19.8629
4020 -19.8684
4021 -19.874
4022 -19.8795
4023 -19.885
4024 -19.8905
4025 -19.896
4026 -19.9015
4027 -19.907
4028 -19.9126
4029 -19.9181
4030 -19.9236
4031 -19.9291
4032 -19.9346
4033 -19.9401
4034 -19.9457
4035 -19.9512
4036 -19.9567
4037 -19.9622
4038 -19.9677
4039 -19.9732
4040 -19.9787
4041 -19.9843
4042 -19.9898
4043 -19.9953
4044 -20.0008
4045 -20.0063
4046 -20.0118
4047 -20.0173
4048 -20.0229
4049 -20.0284
4050 -20.0339
4051 -20.0394
4052 -20.0449
4053 -20.0504
4054 -20.056
4055 -20.0615
4056 -20.067
4057 -20.0725
4058 -20.078
4059 -20.0835
4060 -20.089
4061 -20.0946
4062 -20.1001
4063 -20.1056
4064 -20.1111
4065 -20.1166
4066 -20.1221
4067 -20.1277
4068 -20.1332
4069 -20.1387
4070 -20.1442
4071 -20.1497
4072 -20.1552
4073 -20.1607
4074 -20.1663
4075 -20.1718
4076 -20.1773
4077 -20.1828
4078 -20.1883
4079 -20.1938
4080 -20.1994
4081 -20.2049
4082 -20.2104
4083 -20.2159
4084 -20.2214
4085 -20.2269
4086 -20.2324
4087 -20.238
4088 -20.2435
4089 -20.249
4090 -20.2545
4091 -20.26
4092 -20.2655
4093 -20.2711
4094 -20.2766
4095 -20.2821
4096 -20.2876
4097 -20.2931
4098 -20.2986
4099 -20.3041
4100 -20.3097
4101 -20.3152
4102 -20.3207
4103 -20.3262
4104 -20.3317
4105 -20.3372
4106 -20.3427
4107 -20.3483
4108 -20.3538
4109 -20.3593
4110 -20.3648
4111 -20.3703
4112 -20.3758
4113 -20.3814
4114 -20.3869
4115 -20.3924
4116 -20.3979
4117 -20.4034
4118 -20.4089
4119 -20.4144
4120 -20.42
4121 -20.4255
4122 -20.431
4123 -20.4365
4124 -20.442
4125 -20.4475
4126 -20.4531
4127 -20.4586
4128 -20.4641
4129 -20.4696
4130 -20.4751
4131 -20.4806
4132 -20.4861
4133 -20.4917
4134 -20.4972
4135 -20.5027
4136 -20.5082
4137 -20.5137
4138 -20.5192
4139 -20.5247
4140 -20.5303
4141 -20.5358
4142 -20.5413
4143 -20.5468
4144 -20.5523
4145 -20.5578
4146 -20.5634
4147 -20.5689
4148 -20.5744
4149 -20.5799
4150 -20.5854
4151 -20.5909
4152 -20.5964
4153 -20.602
4154 -20.6075
4155 -20.613
4156 -20.6185
4157 -20.624
4158 -20.6295
4159 -20.6351
4160 -20.6406
4161 -20.6461
4162 -20.6516
4163 -20.6571
4164 -20.6626
4165 -20.6681
4166 -20.6737
4167 -20.6792
4168 -20.6847
4169 -20.6902
4170 -20.6957
4171 -20.7012
4172 -20.7067
4173 -20.7123
4174 -20.7178
4175 -20.7233
4176 -20.7288
4177 -20.7343
4178 -20.7398
4179 -20.7454
4180 -20.7509
4181 -20.7564
4182 -20.7619
4183 -20.7674
4184 -20.7729
4185 -20.7784
4186 -20.784
4187 -20.7895
4188 -20.795
4189 -20.8005
4190 -20.806
4191 -20.8115
4192 -20.8171
4193 -20.8226
4194 -20.8281
4195 -20.8336
4196 -20.8391
4197 -20.8446
4198 -20.8501
4199 -20.8557
4200 -20.8612
4201 -20.8667
4202 -20.8722
4203 -20.8777
4204 -20.8832
4205 -20.8887
4206 -20.8943
4207 -20.8998
4208 -20.9053
4209 -20.9108
4210 -20.9163
4211 -20.9218
4212 -20.9274
4213 -20.9329
4214 -20.9384
4215 -20.9439
4216 -20.9494
4217 -20.9549
4218 -20.9604
4219 -20.966
4220 -20.9715
4221 -20.977
4222 -20.9825
4223 -20.988
4224 -20.9935
4225 -20.9991
4226 -21.0046
4227 -21.0101
4228 -21.0156
4229 -21.0211
4230 -21.0266
4231 -21.0321
4232 -21.0377
4233 -21.0432
4234 -21.0487
4235 -21.0542
4236 -21.0597
4237 -21.0652
4238 -21.0707
4239 -21.0763
4240 -21.0818
4241 -21.0873
4242 -21.0928
4243 -21.0983
4244 -21.1038
4245 -21.1094
4246 -21.1149
4247 -21.1204
4248 -21.1259
4249 -21.1314
4250 -21.1369
4251 -21.1424
4252 -21.148
4253 -21.1535
4254 -21.159
4255 -21.1645
4256 -21.17
4257 -21.1755
4258 -21.181
4259 -21.1866
4260 -21.1921
4261 -21.1976
4262 -21.2031
4263 -21.2086
4264 -21.2141
4265 -21.2197
4266 -21.2252
4267 -21.2307
4268 -21.2362
4269 -21.2417
4270 -21.2472
4271 -21.2527
4272 -21.2583
4273 -21.2638
4274 -21.2693
4275 -21.2748
4276 -21.2803
4277 -21.2858
4278 -21.2914
4279 -21.2969
4280 -21.3024
4281 -21.3079
4282 -21.3134
4283 -21.3189
4284 -21.3244
4285 -21.33
4286 -21.3355
4287 -21.341
4288 -21.3465
4289 -21.352
4290 -21.3575
4291 -21.363
4292 -21.3686
4293 -21.3741
4294 -21.3796
4295 -21.3851
4296 -21.3906
4297 -21.3961
4298 -21.4017
4299 -21.4072
4300 -21.4127
4301 -21.4182
4302 -21.4237
4303 -21.4292
4304 -21.4347
4305 -21.4403
4306 -21.4458
4307 -21.4513
4308 -21.4568
4309 -21.4623
4310 -21.4678
4311 -21.4734
4312 -21.4789
4313 -21.4844
4314 -21.4899
4315 -21.4954
4316 -21.5009
4317 -21.5064
4318 -21.512
4319 -21.5175
4320 -21.523
4321 -21.5285
4322 -21.534
4323 -21.5395
4324 -21.545
4325 -21.5506
4326 -21.5561
4327 -21.5616
4328 -21.5671
4329 -21.5726
4330 -21.5781
4331 -21.5837
4332 -21.5892
4333 -21.5947
4334 -21.6002
4335 -21.6057
4336 -21.6112
4337 -21.6167
4338 -21.6223
4339 -21.6278
4340 -21.6333
4341 -21.6388
4342 -21.6443
4343 -21.6498
4344 -21.6553
4345 -21.6609
4346 -21.6664
4347 -21.6719
4348 -21.6774
4349 -21.6829
4350 -21.6884
4351 -21.694
4352 -21.6995
4353 -21.705
4354 -21.7105
4355 -21.716
4356 -21.7215
4357 -21.7271
4358 -21.7326
4359 -21.7381
4360 -21.7436
4361 -21.7491
4362 -21.7546
4363 -21.7602
4364 -21.7657
4365 -21.7712
4366 -21.7767
4367 -21.7822
4368 -21.7877
4369 -21.7932
4370 -21.7988
4371 -21.8043
4372 -21.8098
4373 -21.8153
4374 -21.8208
4375 -21.8263
4376 -21.8319
4377 -21.8374
4378 -21.8429
4379 -21.8484
4380 -21.8539
4381 -21.8594
4382 -21.8649
4383 -21.8705
4384 -21.876
4385 -21.8815
4386 -21.887
4387 -21.8925
4388 -21.898
4389 -21.9036
4390 -21.9091
4391 -21.9146
4392 -21.9201
4393 -21.9256
4394 -21.9311
4395 -21.9367
4396 -21.9422
4397 -21.9477
4398 -21.9532
4399 -21.9587
4400 -21.9642
4401 -21.9697
4402 -21.9753
4403 -21.9808
4404 -21.9863
4405 -21.9918
4406 -21.9973
4407 -22.0028
4408 -22.0083
4409 -22.0139
4410 -22.0194
4411 -22.0249
4412 -22.0304
4413 -22.0359
4414 -22.0414
4415 -22.047
4416 -22.0525
4417 -22.058
4418 -22.0635
4419 -22.069
4420 -22.0745
4421 -22.08
4422 -22.0856
4423 -22.0911
4424 -22.0966
4425 -22.1021
4426 -22.1076
4427 -22.1131
4428 -22.1186
4429 -22.1242
4430 -22.1297
4431 -22.1352
4432 -22.1407
4433 -22.1462
4434 -22.1517
4435 -22.1572
4436 -22.1628
4437 -22.1683
4438 -22.1738
4439 -22.1793
4440 -22.1848
4441 -22.1903
4442 -22.1959
4443 -22.2014
4444 -22.2069
4445 -22.2124
4446 -22.2179
4447 -22.2234
4448 -22.229
4449 -22.2345
4450 -22.24
4451 -22.2455
4452 -22.251
4453 -22.2565
4454 -22.262
4455 -22.2675
4456 -22.2731
4457 -22.2786
4458 -22.2841
4459 -22.2896
4460 -22.2951
4461 -22.3006
4462 -22.3061
4463 -22.3117
4464 -22.3172
4465 -22.3227
4466 -22.3282
4467 -22.3337
4468 -22.3392
4469 -22.3447
4470 -22.3503
4471 -22.3558
4472 -22.3613
4473 -22.3668
4474 -22.3723
4475 -22.3778
4476 -22.3834
4477 -22.3889
4478 -22.3944
4479 -22.3999
4480 -22.4054
4481 -22.4109
4482 -22.4165
4483 -22.422
4484 -22.4275
4485 -22.433
4486 -22.4385
4487 -22.444
4488 -22.4495
4489 -22.4551
4490 -22.4606
4491 -22.4661
4492 -22.4716
4493 -22.4771
4494 -22.4826
4495 -22.4881
4496 -22.4937
4497 -22.4992
4498 -22.5047
4499 -22.5102
4500 -22.5157
4501 -22.5212
4502 -22.5268
4503 -22.5323
4504 -22.5378
4505 -22.5433
4506 -22.5488
4507 -22.5543
4508 -22.5599
4509 -22.5654
4510 -22.5709
4511 -22.5764
4512 -22.5819
4513 -22.5874
4514 -22.5929
4515 -22.5985
4516 -22.604
4517 -22.6095
4518 -22.615
4519 -22.6205
4520 -22.626
4521 -22.6316
4522 -22.6371
4523 -22.6426
4524 -22.6481
4525 -22.6536
4526 -22.6591
4527 -22.6647
4528 -22.6702
4529 -22.6757
4530 -22.6812
4531 -22.6867
4532 -22.6922
4533 -22.6977
4534 -22.7033
4535 -22.7088
4536 -22.7143
4537 -22.7198
4538 -22.7253
4539 -22.7308
4540 -22.7363
4541 -22.7419
4542 -22.7474
4543 -22.7529
4544 -22.7584
4545 -22.7639
4546 -22.7694
4547 -22.7749
4548 -22.7805
4549 -22.786
4550 -22.7915
4551 -22.797
4552 -22.8025
4553 -22.808
4554 -22.8135
4555 -22.8191
4556 -22.8246
4557 -22.8301
4558 -22.8356
4559 -22.8411
4560 -22.8466
4561 -22.8522
4562 -22.8577
4563 -22.8632
4564 -22.8687
4565 -22.8742
4566 -22.8797
4567 -22.8852
4568 -22.8908
4569 -22.8963
4570 -22.9018
4571 -22.9073
4572 -22.9128
4573 -22.9183
4574 -22.9239
4575 -22.9294
4576 -22.9349
4577 -22.9404
4578 -22.9459
4579 -22.9514
4580 -22.9569
4581 -22.9624
4582 -22.968
4583 -22.9735
4584 -22.979
4585 -22.9845
4586 -22.99
4587 -22.9955
4588 -23.0011
4589 -23.0066
4590 -23.0121
4591 -23.0176
4592 -23.0231
