0 2.31193
1 1.7342
2 1.48164
3 1.31563
4 1.18976
5 1.08737
6 1.00056
7 0.924983
8 0.857933
9 0.797611
10 0.742736
11 0.692353
12 0.645727
13 0.602277
14 0.561536
15 0.523123
16 0.486727
17 0.452088
18 0.418992
19 0.387259
20 0.356738
21 0.327302
22 0.298842
23 0.271268
24 0.2445
25 0.218472
26 0.193127
27 0.168414
28 0.14429
29 0.120718
30 0.0976643
31 0.0751004
32 0.0530003
33 0.0313412
34 0.0101026
35 -0.0107339
36 -0.0311849
37 -0.0512655
38 -0.0709896
39 -0.09037
40 -0.109418
41 -0.128146
42 -0.146562
43 -0.164678
44 -0.182501
45 -0.20004
46 -0.217304
47 -0.2343
48 -0.251036
49 -0.267518
50 -0.283755
51 -0.299751
52 -0.315514
53 -0.331049
54 -0.346364
55 -0.361463
56 -0.376351
57 -0.391036
58 -0.405521
59 -0.419813
60 -0.433915
61 -0.447834
62 -0.461573
63 -0.475138
64 -0.488533
65 -0.501763
66 -0.514832
67 -0.527743
68 -0.540502
69 -0.553113
70 -0.565578
71 -0.577903
72 -0.59009
73 -0.602144
74 -0.614068
75 -0.625865
76 -0.637539
77 -0.649094
78 -0.660532
79 -0.671856
80 -0.68307
81 -0.694176
82 -0.705177
83 -0.716077
84 -0.726878
85 -0.737582
86 -0.748192
87 -0.758711
88 -0.769141
89 -0.779485
90 -0.789744
91 -0.799921
92 -0.810019
93 -0.820038
94 -0.829982
95 -0.839853
96 -0.849652
97 -0.859381
98 -0.869042
99 -0.878636
100 -0.888167
101 -0.897634
102 -0.907041
103 -0.916388
104 -0.925677
105 -0.934909
106 -0.944086
107 -0.95321
108 -0.962282
109 -0.971302
110 -0.980273
111 -0.989195
112 -0.998071
113 -1.0069
114 -1.01568
115 -1.02442
116 -1.03312
117 -1.04178
118 -1.0504
119 -1.05897
120 -1.06751
121 -1.07601
122 -1.08447
123 -1.0929
124 -1.10129
125 -1.10965
126 -1.11798
127 -1.12627
128 -1.13453
129 -1.14276
130 -1.15096
131 -1.15913
132 -1.16727
133 -1.17538
134 -1.18347
135 -1.19153
136 -1.19956
137 -1.20756
138 -1.21554
139 -1.2235
140 -1.23143
141 -1.23934
142 -1.24723
143 -1.25509
144 -1.26293
145 -1.27075
146 -1.27855
147 -1.28633
148 -1.29409
149 -1.30182
150 -1.30954
151 -1.31724
152 -1.32493
153 -1.33259
154 -1.34024
155 -1.34786
156 -1.35548
157 -1.36307
158 -1.37065
159 -1.37821
160 -1.38576
161 -1.39329
162 -1.40081
163 -1.40831
164 -1.4158
165 -1.42327
166 -1.43073
167 -1.43818
168 -1.44561
169 -1.45303
170 -1.46044
171 -1.46784
172 -1.47522
173 -1.48259
174 -1.48995
175 -1.4973
176 -1.50464
177 -1.51196
178 -1.51928
179 -1.52658
180 -1.53387
181 -1.54116
182 -1.54843
183 -1.55569
184 -1.56295
185 -1.57019
186 -1.57742
187 -1.58465
188 -1.59187
189 -1.59907
190 -1.60627
191 -1.61346
192 -1.62065
193 -1.62782
194 -1.63499
195 -1.64214
196 -1.64929
197 -1.65644
198 -1.66357
199 -1.6707
200 -1.67782
201 -1.68493
202 -1.69204
203 -1.69914
204 -1.70623
205 -1.71332
206 -1.7204
207 -1.72747
208 -1.73454
209 -1.7416
210 -1.74865
211 -1.7557
212 -1.76274
213 -1.76978
214 -1.77681
215 -1.78384
216 -1.79086
217 -1.79787
218 -1.80488
219 -1.81189
220 -1.81889
221 -1.82588
222 -1.83287
223 -1.83985
224 -1.84683
225 -1.85381
226 -1.86078
227 -1.86775
228 -1.87471
229 -1.88166
230 -1.88862
231 -1.89556
232 -1.90251
233 -1.90945
234 -1.91639
235 -1.92332
236 -1.93025
237 -1.93717
238 -1.94409
239 -1.95101
240 -1.95792
241 -1.96483
242 -1.97174
243 -1.97864
244 -1.98554
245 -1.99243
246 -1.99932
247 -2.00621
248 -2.0131
249 -2.01998
250 -2.02686
251 -2.03374
252 -2.04061
253 -2.04748
254 -2.05435
255 -2.06121
256 -2.06807
257 -2.07493
258 -2.08179
259 -2.08864
260 -2.09549
261 -2.10234
262 -2.10919
263 -2.11603
264 -2.12287
265 -2.12971
266 -2.13654
267 -2.14338
268 -2.15021
269 -2.15703
270 -2.16386
271 -2.17068
272 -2.1775
273 -2.18432
274 -2.19114
275 -2.19796
276 -2.20477
277 -2.21158
278 -2.21839
279 -2.22519
280 -2.232
281 -2.2388
282 -2.2456
283 -2.2524
284 -2.2592
285 -2.26599
286 -2.27279
287 -2.27958
288 -2.28637
289 -2.29316
290 -2.29994
291 -2.30673
292 -2.31351
293 -2.32029
294 -2.32707
295 -2.33385
296 -2.34063
297 -2.3474
298 -2.35418
299 -2.36095
300 -2.36772
301 -2.37449
302 -2.38126
303 -2.38802
304 -2.39479
305 -2.40155
306 -2.40831
307 -2.41508
308 -2.42184
309 -2.42859
310 -2.43535
311 -2.44211
312 -2.44886
313 -2.45562
314 -2.46237
315 -2.46912
316 -2.47587
317 -2.48262
318 -2.48936
319 -2.49611
320 -2.50286
321 -2.5096
322 -2.51634
323 -2.52309
324 -2.52983
325 -2.53657
326 -2.54331
327 -2.55004
328 -2.55678
329 -2.56352
330 -2.57025
331 -2.57699
332 -2.58372
333 -2.59045
334 -2.59718
335 -2.60391
336 -2.61064
337 -2.61737
338 -2.6241
339 -2.63083
340 -2.63756
341 -2.64428
342 -2.65101
343 -2.65773
344 -2.66445
345 -2.67117
346 -2.6779
347 -2.68462
348 -2.69134
349 -2.69806
350 -2.70478
351 -2.71149
352 -2.71821
353 -2.72493
354 -2.73164
355 -2.73836
356 -2.74507
357 -2.75179
358 -2.7585
359 -2.76521
360 -2.77193
361 -2.77864
362 -2.78535
363 -2.79206
364 -2.79877
365 -2.80548
366 -2.81218
367 -2.81889
368 -2.8256
369 -2.83231
370 -2.83901
371 -2.84572
372 -2.85242
373 -2.85913
374 -2.86583
375 -2.87254
376 -2.87924
377 -2.88594
378 -2.89264
379 -2.89935
380 -2.90605
381 -2.91275
382 -2.91945
383 -2.92615
384 -2.93285
385 -2.93955
386 -2.94624
387 -2.95294
388 -2.95964
389 -2.96634
390 -2.97303
391 -2.97973
392 -2.98643
393 -2.99312
394 -2.99982
395 -3.00651
396 -3.01321
397 -3.0199
398 -3.02659
399 -3.03329
400 -3.03998
401 -3.04667
402 -3.05337
403 -3.06006
404 -3.06675
405 -3.07344
406 -3.08013
407 -3.08682
408 -3.09351
409 -3.1002
410 -3.10689
411 -3.11358
412 -3.12027
413 -3.12696
414 -3.13365
415 -3.14034
416 -3.14702
417 -3.15371
418 -3.1604
419 -3.16708
420 -3.17377
421 -3.18046
422 -3.18714
423 -3.19383
424 -3.20052
425 -3.2072
426 -3.21389
427 -3.22057
428 -3.22726
429 -3.23394
430 -3.24062
431 -3.24731
432 -3.25399
433 -3.26068
434 -3.26736
435 -3.27404
436 -3.28072
437 -3.28741
438 -3.29409
439 -3.30077
440 -3.30745
441 -3.31414
442 -3.32082
443 -3.3275
444 -3.33418
445 -3.34086
446 -3.34754
447 -3.35422
448 -3.3609
449 -3.36758
450 -3.37426
451 -3.38094
452 -3.38762
453 -3.3943
454 -3.40098
455 -3.40766
456 -3.41434
457 -3.42102
458 -3.4277
459 -3.43438
460 -3.44105
461 -3.44773
462 -3.45441
463 -3.46109
464 -3.46777
465 -3.47444
466 -3.48112
467 -3.4878
468 -3.49448
469 -3.50115
470 -3.50783
471 -3.51451
472 -3.52118
473 -3.52786
474 -3.53454
475 -3.54121
476 -3.54789
477 -3.55456
478 -3.56124
479 -3.56792
480 -3.57459
481 -3.58127
482 -3.58794
483 -3.59462
484 -3.60129
485 -3.60797
486 -3.61464
487 -3.62132
488 -3.62799
489 -3.63467
490 -3.64134
491 -3.64801
492 -3.65469
493 -3.66136
494 -3.66804
495 -3.67471
496 -3.68139
497 -3.68806
498 -3.69473
499 -3.70141
500 -3.70808
501 -3.71475
502 -3.72143
503 -3.7281
504 -3.73477
505 -3.74145
506 -3.74812
507 -3.75479
508 -3.76146
509 -3.76814
510 -3.77481
511 -3.78148
512 -3.78815
513 -3.79483
514 -3.8015
515 -3.80817
516 -3.81484
517 -3.82152
518 -3.82819
519 -3.83486
520 -3.84153
521 -3.8482
522 -3.85488
523 -3.86155
524 -3.86822
525 -3.87489
526 -3.88156
527 -3.88823
528 -3.8949
529 -3.90158
530 -3.90825
531 -3.91492
532 -3.92159
533 -3.92826
534 -3.93493
535 -3.9416
536 -3.94827
537 -3.95494
538 -3.96162
539 -3.96829
540 -3.97496
541 -3.98163
542 -3.9883
543 -3.99497
544 -4.00164
545 -4.00831
546 -4.01498
547 -4.02165
548 -4.02832
549 -4.03499
550 -4.04166
551 -4.04833
552 -4.055
553 -4.06167
554 -4.06834
555 -4.07501
556 -4.08168
557 -4.08835
558 -4.09502
559 -4.10169
560 -4.10836
561 -4.11503
562 -4.1217
563 -4.12837
564 -4.13504
565 -4.14171
566 -4.14838
567 -4.15505
568 -4.16172
569 -4.16839
570 -4.17505
571 -4.18172
572 -4.18839
573 -4.19506
574 -4.20173
575 -4.2084
576 -4.21507
577 -4.22174
578 -4.22841
579 -4.23508
580 -4.24175
581 -4.24842
582 -4.25508
583 -4.26175
584 -4.26842
585 -4.27509
586 -4.28176
587 -4.28843
588 -4.2951
589 -4.30177
590 -4.30843
591 -4.3151
592 -4.32177
593 -4.32844
594 -4.33511
595 -4.34178
596 -4.34845
597 -4.35511
598 -4.36178
599 -4.36845
600 -4.37512
601 -4.38179
602 -4.38846
603 -4.39513
604 -4.40179
605 -4.40846
606 -4.41513
607 -4.4218
608 -4.42847
609 -4.43514
610 -4.4418
611 -4.44847
612 -4.45514
613 -4.46181
614 -4.46848
615 -4.47514
616 -4.48181
617 -4.48848
618 -4.49515
619 -4.50182
620 -4.50849
621 -4.51515
622 -4.52182
623 -4.52849
624 -4.53516
625 -4.54183
626 -4.54849
627 -4.55516
628 -4.56183
629 -4.5685
630 -4.57516
631 -4.58183
632 -4.5885
633 -4.59517
634 -4.60184
635 -4.6085
636 -4.61517
637 -4.62184
638 -4.62851
639 -4.63517
640 -4.64184
641 -4.64851
642 -4.65518
643 -4.66185
644 -4.66851
645 -4.67518
646 -4.68185
647 -4.68852
648 -4.69518
649 -4.70185
650 -4.70852
651 -4.71519
652 -4.72185
653 -4.72852
654 -4.73519
655 -4.74186
656 -4.74852
657 -4.75519
658 -4.76186
659 -4.76853
660 -4.77519
661 -4.78186
662 -4.78853
663 -4.7952
664 -4.80186
665 -4.80853
666 -4.8152
667 -4.82187
668 -4.82853
669 -4.8352
670 -4.84187
671 -4.84854
672 -4.8552
673 -4.86187
674 -4.86854
675 -4.87521
676 -4.88187
677 -4.88854
678 -4.89521
679 -4.90187
680 -4.90854
681 -4.91521
682 -4.92188
683 -4.92854
684 -4.93521
685 -4.94188
686 -4.94855
687 -4.95521
688 -4.96188
689 -4.96855
690 -4.97521
691 -4.98188
692 -4.98855
693 -4.99522
694 -5.00188
695 -5.00855
696 -5.01522
697 -5.02189
698 -5.02855
699 -5.03522
700 -5.04189
701 -5.04855
702 -5.05522
703 -5.06189
704 -5.06856
705 -5.07522
706 -5.08189
707 -5.08856
708 -5.09522
709 -5.10189
710 -5.10856
711 -5.11522
712 -5.12189
713 -5.12856
714 -5.13523
715 -5.14189
716 -5.14856
717 -5.15523
718 -5.16189
719 -5.16856
720 -5.17523
721 -5.1819
722 -5.18856
723 -5.19523
724 -5.2019
725 -5.20856
726 -5.21523
727 -5.2219
728 -5.22856
729 -5.23523
730 -5.2419
731 -5.24857
732 -5.25523
733 -5.2619
734 -5.26857
735 -5.27523
736 -5.2819
737 -5.28857
738 -5.29523
739 -5.3019
740 -5.30857
741 -5.31524
742 -5.3219
743 -5.32857
744 -5.33524
745 -5.3419
746 -5.34857
747 -5.35524
748 -5.3619
749 -5.36857
750 -5.37524
751 -5.3819
752 -5.38857
753 -5.39524
754 -5.40191
755 -5.40857
756 -5.41524
757 -5.42191
758 -5.42857
759 -5.43524
760 -5.44191
761 -5.44857
762 -5.45524
763 -5.46191
764 -5.46857
765 -5.47524
766 -5.48191
767 -5.48858
768 -5.49524
769 -5.50191
770 -5.50858
771 -5.51524
772 -5.52191
773 -5.52858
774 -5.53524
775 -5.54191
776 -5.54858
777 -5.55524
778 -5.56191
779 -5.56858
780 -5.57524
781 -5.58191
782 -5.58858
783 -5.59524
784 -5.60191
785 -5.60858
786 -5.61525
787 -5.62191
788 -5.62858
789 -5.63525
790 -5.64191
791 -5.64858
792 -5.65525
793 -5.66191
794 -5.66858
795 -5.67525
796 -5.68191
797 -5.68858
798 -5.69525
799 -5.70191
800 -5.70858
801 -5.71525
802 -5.72191
803 -5.72858
804 -5.73525
805 -5.74191
806 -5.74858
807 -5.75525
808 -5.76192
809 -5.76858
810 -5.77525
811 -5.78192
812 -5.78858
813 -5.79525
814 -5.80192
815 -5.80858
816 -5.81525
817 -5.82192
818 -5.82858
819 -5.83525
820 -5.84192
821 -5.84858
822 -5.85525
823 -5.86192
824 -5.86858
825 -5.87525
826 -5.88192
827 -5.88858
828 -5.89525
829 -5.90192
830 -5.90858
831 -5.91525
832 -5.92192
833 -5.92858
834 -5.93525
835 -5.94192
836 -5.94859
837 -5.95525
838 -5.96192
839 -5.96859
840 -5.97525
841 -5.98192
842 -5.98859
843 -5.99525
844 -6.00192
845 -6.00859
846 -6.01525
847 -6.02192
848 -6.02859
849 -6.03525
850 -6.04192
851 -6.04859
852 -6.05525
853 -6.06192
854 -6.06859
855 -6.07525
856 -6.08192
857 -6.08859
858 -6.09525
859 -6.10192
860 -6.10859
861 -6.11525
862 -6.12192
863 -6.12859
864 -6.13525
865 -6.14192
866 -6.14859
867 -6.15525
868 -6.16192
869 -6.16859
870 -6.17525
871 -6.18192
872 -6.18859
873 -6.19526
874 -6.20192
875 -6.20859
876 -6.21526
877 -6.22192
878 -6.22859
879 -6.23526
880 -6.24192
881 -6.24859
882 -6.25526
883 -6.26192
884 -6.26859
885 -6.27526
886 -6.28192
887 -6.28859
888 -6.29526
889 -6.30192
890 -6.30859
891 -6.31526
892 -6.32192
893 -6.32859
894 -6.33526
895 -6.34192
896 -6.34859
897 -6.35526
898 -6.36192
899 -6.36859
900 -6.37526
901 -6.38192
902 -6.38859
903 -6.39526
904 -6.40192
905 -6.40859
906 -6.41526
907 -6.42192
908 -6.42859
909 -6.43526
910 -6.44192
911 -6.44859
912 -6.45526
913 -6.46192
914 -6.46859
915 -6.47526
916 -6.48192
917 -6.48859
918 -6.49526
919 -6.50192
920 -6.50859
921 -6.51526
922 -6.52192
923 -6.52859
924 -6.53526
925 -6.54192
926 -6.54859
927 -6.55526
928 -6.56192
929 -6.56859
930 -6.57526
931 -6.58192
932 -6.58859
933 -6.59526
934 -6.60193
935 -6.60859
936 -6.61526
937 -6.62193
938 -6.62859
939 -6.63526
940 -6.64193
941 -6.64859
942 -6.65526
943 -6.66193
944 -6.66859
945 -6.67526
946 -6.68193
947 -6.68859
948 -6.69526
949 -6.70193
950 -6.70859
951 -6.71526
952 -6.72193
953 -6.72859
954 -6.73526
955 -6.74193
956 -6.74859
957 -6.75526
958 -6.76193
959 -6.76859
960 -6.77526
961 -6.78193
962 -6.78859
963 -6.79526
964 -6.80193
965 -6.80859
966 -6.81526
967 -6.82193
968 -6.82859
969 -6.83526
970 -6.84193
971 -6.84859
972 -6.85526
973 -6.86193
974 -6.86859
975 -6.87526
976 -6.88193
977 -6.88859
978 -6.89526
979 -6.90193
980 -6.90859
981 -6.91526
982 -6.92193
983 -6.92859
984 -6.93526
985 -6.94193
986 -6.94859
987 -6.95526
988 -6.96193
989 -6.96859
990 -6.97526
991 -6.98193
992 -6.98859
993 -6.99526
994 -7.00193
995 -7.00859
996 -7.01526
997 -7.02193
998 -7.02859
999 -7.03526
1000 -7.04193
1001 -7.04859
1002 -7.05526
1003 -7.06193
1004 -7.06859
1005 -7.07526
1006 -7.08193
1007 -7.08859
1008 -7.09526
1009 -7.10193
1010 -7.10859
1011 -7.11526
1012 -7.12193
1013 -7.12859
1014 -7.13526
1015 -7.14193
1016 -7.14859
1017 -7.15526
1018 -7.16193
1019 -7.16859
1020 -7.17526
1021 -7.18193
1022 -7.18859
1023 -7.19526
1024 -7.20193
1025 -7.2086
1026 -7.21526
1027 -7.22193
1028 -7.2286
1029 -7.23526
1030 -7.24193
1031 -7.2486
1032 -7.25526
1033 -7.26193
1034 -7.2686
1035 -7.27526
1036 -7.28193
1037 -7.2886
1038 -7.29526
1039 -7.30193
1040 -7.3086
1041 -7.31526
1042 -7.32193
1043 -7.3286
1044 -7.33526
1045 -7.34193
1046 -7.3486
1047 -7.35526
1048 -7.36193
1049 -7.3686
1050 -7.37526
1051 -7.38193
1052 -7.3886
1053 -7.39526
1054 -7.40193
1055 -7.4086
1056 -7.41526
1057 -7.42193
1058 -7.4286
1059 -7.43526
1060 -7.44193
1061 -7.4486
1062 -7.45526
1063 -7.46193
1064 -7.4686
1065 -7.47526
1066 -7.48193
1067 -7.4886
1068 -7.49526
1069 -7.50193
1070 -7.5086
1071 -7.51526
1072 -7.52193
1073 -7.5286
1074 -7.53526
1075 -7.54193
1076 -7.5486
1077 -7.55526
1078 -7.56193
1079 -7.5686
1080 -7.57526
1081 -7.58193
1082 -7.5886
1083 -7.59526
1084 -7.60193
1085 -7.6086
1086 -7.61526
1087 -7.62193
1088 -7.6286
1089 -7.63526
1090 -7.64193
1091 -7.6486
1092 -7.65526
1093 -7.66193
1094 -7.6686
1095 -7.67526
1096 -7.68193
1097 -7.6886
1098 -7.69526
1099 -7.70193
1100 -7.7086
1101 -7.71526
1102 -7.72193
1103 -7.7286
1104 -7.73526
1105 -7.74193
1106 -7.7486
1107 -7.75526
1108 -7.76193
1109 -7.7686
1110 -7.77526
1111 -7.78193
1112 -7.7886
1113 -7.79526
1114 -7.80193
1115 -7.8086
1116 -7.81526
1117 -7.82193
1118 -7.8286
1119 -7.83526
1120 -7.84193
1121 -7.8486
1122 -7.85526
1123 -7.86193
1124 -7.8686
1125 -7.87526
1126 -7.88193
1127 -7.8886
1128 -7.89526
1129 -7.90193
1130 -7.9086
1131 -7.91526
1132 -7.92193
1133 -7.9286
1134 -7.93526
1135 -7.94193
1136 -7.9486
1137 -7.95526
1138 -7.96193
1139 -7.9686
1140 -7.97526
1141 -7.98193
1142 -7.9886
1143 -7.99526
1144 -8.00193
1145 -8.0086
1146 -8.01527
1147 -8.02193
1148 -8.0286
1149 -8.03527
1150 -8.04193
1151 -8.0486
1152 -8.05527
1153 -8.06193
1154 -8.0686
1155 -8.07527
1156 -8.08193
1157 -8.0886
1158 -8.09527
1159 -8.10193
1160 -8.1086
1161 -8.11527
1162 -8.12193
1163 -8.1286
1164 -8.13527
1165 -8.14193
1166 -8.1486
1167 -8.15527
1168 -8.16193
1169 -8.1686
1170 -8.17527
1171 -8.18193
1172 -8.1886
1173 -8.19527
1174 -8.20193
1175 -8.2086
1176 -8.21527
1177 -8.22193
1178 -8.2286
1179 -8.23527
1180 -8.24193
1181 -8.2486
1182 -8.25527
1183 -8.26193
1184 -8.2686
1185 -8.27527
1186 -8.28193
1187 -8.2886
1188 -8.29527
1189 -8.30193
1190 -8.3086
1191 -8.31527
1192 -8.32193
1193 -8.3286
1194 -8.33527
1195 -8.34193
1196 -8.3486
1197 -8.35527
1198 -8.36193
1199 -8.3686
1200 -8.37527
1201 -8.38193
1202 -8.3886
1203 -8.39527
1204 -8.40193
1205 -8.4086
1206 -8.41527
1207 -8.42193
1208 -8.4286
1209 -8.43527
1210 -8.44193
1211 -8.4486
1212 -8.45527
1213 -8.46193
1214 -8.4686
1215 -8.47527
1216 -8.48193
1217 -8.4886
1218 -8.49527
1219 -8.50193
1220 -8.5086
1221 -8.51527
1222 -8.52193
1223 -8.5286
1224 -8.53527
1225 -8.54193
1226 -8.5486
1227 -8.55527
1228 -8.56193
1229 -8.5686
1230 -8.57527
1231 -8.58193
1232 -8.5886
1233 -8.59527
1234 -8.60193
1235 -8.6086
1236 -8.61527
1237 -8.62193
1238 -8.6286
1239 -8.63527
1240 -8.64193
1241 -8.6486
1242 -8.65527
1243 -8.66193
1244 -8.6686
1245 -8.67527
1246 -8.68193
1247 -8.6886
1248 -8.69527
1249 -8.70193
1250 -8.7086
1251 -8.71527
1252 -8.72193
1253 -8.7286
1254 -8.73527
1255 -8.74193
1256 -8.7486
1257 -8.75527
1258 -8.76193
1259 -8.7686
1260 -8.77527
1261 -8.78193
1262 -8.7886
1263 -8.79527
1264 -8.80193
1265 -8.8086
1266 -8.81527
1267 -8.82193
1268 -8.8286
1269 -8.83527
1270 -8.84193
1271 -8.8486
1272 -8.85527
1273 -8.86193
1274 -8.8686
1275 -8.87527
1276 -8.88193
1277 -8.8886
1278 -8.89527
1279 -8.90194
1280 -8.9086
1281 -8.91527
1282 -8.92194
1283 -8.9286
1284 -8.93527
1285 -8.94194
1286 -8.9486
1287 -8.95527
1288 -8.96194
1289 -8.9686
1290 -8.97527
1291 -8.98194
1292 -8.9886
1293 -8.99527
1294 -9.00194
1295 -9.0086
1296 -9.01527
1297 -9.02194
1298 -9.0286
1299 -9.03527
1300 -9.04194
1301 -9.0486
1302 -9.05527
1303 -9.06194
1304 -9.0686
1305 -9.07527
1306 -9.08194
1307 -9.0886
1308 -9.09527
1309 -9.10194
1310 -9.1086
1311 -9.11527
1312 -9.12194
1313 -9.1286
1314 -9.13527
1315 -9.14194
1316 -9.1486
1317 -9.15527
1318 -9.16194
1319 -9.1686
1320 -9.17527
1321 -9.18194
1322 -9.1886
1323 -9.19527
1324 -9.20194
1325 -9.2086
1326 -9.21527
1327 -9.22194
1328 -9.2286
1329 -9.23527
1330 -9.24194
1331 -9.2486
1332 -9.25527
1333 -9.26194
1334 -9.2686
1335 -9.27527
1336 -9.28194
1337 -9.2886
1338 -9.29527
1339 -9.30194
1340 -9.3086
1341 -9.31527
1342 -9.32194
1343 -9.3286
1344 -9.33527
1345 -9.34194
1346 -9.3486
1347 -9.35527
1348 -9.36194
1349 -9.3686
1350 -9.37527
1351 -9.38194
1352 -9.3886
1353 -9.39527
1354 -9.40194
1355 -9.4086
1356 -9.41527
1357 -9.42194
1358 -9.4286
1359 -9.43527
1360 -9.44194
1361 -9.4486
1362 -9.45527
1363 -9.46194
1364 -9.4686
1365 -9.47527
1366 -9.48194
1367 -9.4886
1368 -9.49527
1369 -9.50194
1370 -9.5086
1371 -9.51527
1372 -9.52194
1373 -9.5286
1374 -9.53527
1375 -9.54194
1376 -9.5486
1377 -9.55527
1378 -9.56194
1379 -9.5686
1380 -9.57527
1381 -9.58194
1382 -9.5886
1383 -9.59527
1384 -9.60194
1385 -9.6086
1386 -9.61527
1387 -9.62194
1388 -9.6286
1389 -9.63527
1390 -9.64194
1391 -9.6486
1392 -9.65527
1393 -9.66194
1394 -9.6686
1395 -9.67527
1396 -9.68194
1397 -9.6886
1398 -9.69527
1399 -9.70194
1400 -9.7086
1401 -9.71527
1402 -9.72194
1403 -9.7286
1404 -9.73527
1405 -9.74194
1406 -9.7486
1407 -9.75527
1408 -9.76194
1409 -9.7686
1410 -9.77527
1411 -9.78194
1412 -9.78861
1413 -9.79527
1414 -9.80194
1415 -9.80861
1416 -9.81527
1417 -9.82194
1418 -9.82861
1419 -9.83527
1420 -9.84194
1421 -9.84861
1422 -9.85527
1423 -9.86194
1424 -9.86861
1425 -9.87527
1426 -9.88194
1427 -9.88861
1428 -9.89527
1429 -9.90194
1430 -9.90861
1431 -9.91527
1432 -9.92194
1433 -9.92861
1434 -9.93527
1435 -9.94194
1436 -9.94861
1437 -9.95527
1438 -9.96194
1439 -9.96861
1440 -9.97527
1441 -9.98194
1442 -9.98861
1443 -9.99527
1444 -10.0019
1445 -10.0086
1446 -10.0153
1447 -10.0219
1448 -10.0286
1449 -10.0353
1450 -10.0419
1451 -10.0486
1452 -10.0553
1453 -10.0619
1454 -10.0686
1455 -10.0753
1456 -10.0819
1457 -10.0886
1458 -10.0953
1459 -10.1019
1460 -10.1086
1461 -10.1153
1462 -10.1219
1463 -10.1286
1464 -10.1353
1465 -10.1419
1466 -10.1486
1467 -10.1553
1468 -10.1619
1469 -10.1686
1470 -10.1753
1471 -10.1819
1472 -10.1886
1473 -10.1953
1474 -10.2019
1475 -10.2086
1476 -10.2153
1477 -10.2219
1478 -10.2286
1479 -10.2353
1480 -10.2419
1481 -10.2486
1482 -10.2553
1483 -10.2619
1484 -10.2686
1485 -10.2753
1486 -10.2819
1487 -10.2886
1488 -10.2953
1489 -10.3019
1490 -10.3086
1491 -10.3153
1492 -10.3219
1493 -10.3286
1494 -10.3353
1495 -10.3419
1496 -10.3486
1497 -10.3553
1498 -10.3619
1499 -10.3686
1500 -10.3753
1501 -10.3819
1502 -10.3886
1503 -10.3953
1504 -10.4019
1505 -10.4086
1506 -10.4153
1507 -10.4219
1508 -10.4286
1509 -10.4353
1510 -10.4419
1511 -10.4486
1512 -10.4553
1513 -10.4619
1514 -10.4686
1515 -10.4753
1516 -10.4819
1517 -10.4886
1518 -10.4953
1519 -10.5019
1520 -10.5086
1521 -10.5153
1522 -10.5219
1523 -10.5286
1524 -10.5353
1525 -10.5419
1526 -10.5486
1527 -10.5553
1528 -10.5619
1529 -10.5686
1530 -10.5753
1531 -10.5819
1532 -10.5886
1533 -10.5953
1534 -10.6019
1535 -10.6086
1536 -10.6153
1537 -10.6219
1538 -10.6286
1539 -10.6353
1540 -10.6419
1541 -10.6486
1542 -10.6553
1543 -10.6619
1544 -10.6686
1545 -10.6753
1546 -10.6819
1547 -10.6886
1548 -10.6953
1549 -10.7019
1550 -10.7086
1551 -10.7153
1552 -10.7219
1553 -10.7286
1554 -10.7353
1555 -10.7419
1556 -10.7486
1557 -10.7553
1558 -10.7619
1559 -10.7686
1560 -10.7753
1561 -10.7819
1562 -10.7886
1563 -10.7953
1564 -10.8019
1565 -10.8086
1566 -10.8153
1567 -10.8219
1568 -10.8286
1569 -10.8353
1570 -10.8419
1571 -10.8486
1572 -10.8553
1573 -10.8619
1574 -10.8686
1575 -10.8753
1576 -10.8819
1577 -10.8886
1578 -10.8953
1579 -10.9019
1580 -10.9086
1581 -10.9153
1582 -10.9219
1583 -10.9286
1584 -10.9353
1585 -10.9419
1586 -10.9486
1587 -10.9553
1588 -10.9619
1589 -10.9686
1590 -10.9753
1591 -10.9819
1592 -10.9886
1593 -10.9953
1594 -11.0019
1595 -11.0086
1596 -11.0153
1597 -11.0219
1598 -11.0286
1599 -11.0353
1600 -11.0419
1601 -11.0486
1602 -11.0553
1603 -11.0619
1604 -11.0686
1605 -11.0753
1606 -11.0819
1607 -11.0886
1608 -11.0953
1609 -11.1019
1610 -11.1086
1611 -11.1153
1612 -11.1219
1613 -11.1286
1614 -11.1353
1615 -11.1419
1616 -11.1486
1617 -11.1553
1618 -11.1619
1619 -11.1686
1620 -11.1753
1621 -11.1819
1622 -11.1886
1623 -11.1953
1624 -11.2019
1625 -11.2086
1626 -11.2153
1627 -11.2219
1628 -11.2286
1629 -11.2353
1630 -11.2419
1631 -11.2486
1632 -11.2553
1633 -11.2619
1634 -11.2686
1635 -11.2753
1636 -11.2819
1637 -11.2886
1638 -11.2953
1639 -11.3019
1640 -11.3086
1641 -11.3153
1642 -11.3219
1643 -11.3286
1644 -11.3353
1645 -11.3419
1646 -11.3486
1647 -11.3553
1648 -11.3619
1649 -11.3686
1650 -11.3753
1651 -11.3819
1652 -11.3886
1653 -11.3953
1654 -11.4019
1655 -11.4086
1656 -11.4153
1657 -11.4219
1658 -11.4286
1659 -11.4353
1660 -11.4419
1661 -11.4486
1662 -11.4553
1663 -11.4619
1664 -11.4686
1665 -11.4753
1666 -11.4819
1667 -11.4886
1668 -11.4953
1669 -11.5019
1670 -11.5086
1671 -11.5153
1672 -11.5219
1673 -11.5286
1674 -11.5353
1675 -11.5419
1676 -11.5486
1677 -11.5553
1678 -11.5619
1679 -11.5686
1680 -11.5753
1681 -11.5819
1682 -11.5886
1683 -11.5953
1684 -11.6019
1685 -11.6086
1686 -11.6153
1687 -11.6219
1688 -11.6286
1689 -11.6353
1690 -11.6419
1691 -11.6486
1692 -11.6553
1693 -11.6619
1694 -11.6686
1695 -11.6753
1696 -11.6819
1697 -11.6886
1698 -11.6953
1699 -11.7019
1700 -11.7086
1701 -11.7153
1702 -11.7219
1703 -11.7286
1704 -11.7353
1705 -11.7419
1706 -11.7486
1707 -11.7553
1708 -11.7619
1709 -11.7686
1710 -11.7753
1711 -11.7819
1712 -11.7886
1713 -11.7953
1714 -11.8019
1715 -11.8086
1716 -11.8153
1717 -11.8219
1718 -11.8286
1719 -11.8353
1720 -11.8419
1721 -11.8486
1722 -11.8553
1723 -11.8619
1724 -11.8686
1725 -11.8753
1726 -11.8819
1727 -11.8886
1728 -11.8953
1729 -11.9019
1730 -11.9086
1731 -11.9153
1732 -11.9219
1733 -11.9286
1734 -11.9353
1735 -11.9419
1736 -11.9486
1737 -11.9553
1738 -11.9619
1739 -11.9686
1740 -11.9753
1741 -11.9819
1742 -11.9886
1743 -11.9953
1744 -12.0019
1745 -12.0086
1746 -12.0153
1747 -12.0219
1748 -12.0286
1749 -12.0353
1750 -12.0419
1751 -12.0486
1752 -12.0553
1753 -12.0619
1754 -12.0686
1755 -12.0753
1756 -12.0819
1757 -12.0886
1758 -12.0953
1759 -12.1019
1760 -12.1086
1761 -12.1153
1762 -12.1219
1763 -12.1286
1764 -12.1353
1765 -12.1419
1766 -12.1486
1767 -12.1553
1768 -12.1619
1769 -12.1686
1770 -12.1753
1771 -12.1819
1772 -12.1886
1773 -12.1953
1774 -12.2019
1775 -12.2086
1776 -12.2153
1777 -12.2219
1778 -12.2286
1779 -12.2353
1780 -12.2419
1781 -12.2486
1782 -12.2553
1783 -12.2619
1784 -12.2686
1785 -12.2753
1786 -12.2819
1787 -12.2886
1788 -12.2953
1789 -12.3019
1790 -12.3086
1791 -12.3153
1792 -12.3219
1793 -12.3286
1794 -12.3353
1795 -12.3419
1796 -12.3486
1797 -12.3553
1798 -12.3619
1799 -12.3686
1800 -12.3753
1801 -12.3819
1802 -12.3886
1803 -12.3953
1804 -12.4019
1805 -12.4086
1806 -12.4153
1807 -12.4219
1808 -12.4286
1809 -12.4353
1810 -12.4419
1811 -12.4486
1812 -12.4553
1813 -12.4619
1814 -12.4686
1815 -12.4753
1816 -12.4819
1817 -12.4886
1818 -12.4953
1819 -12.5019
1820 -12.5086
1821 -12.5153
1822 -12.5219
1823 -12.5286
1824 -12.5353
1825 -12.5419
1826 -12.5486
1827 -12.5553
1828 -12.5619
1829 -12.5686
1830 -12.5753
1831 -12.5819
1832 -12.5886
1833 -12.5953
1834 -12.6019
1835 -12.6086
1836 -12.6153
1837 -12.6219
1838 -12.6286
1839 -12.6353
1840 -12.6419
1841 -12.6486
1842 -12.6553
1843 -12.6619
1844 -12.6686
1845 -12.6753
1846 -12.6819
1847 -12.6886
1848 -12.6953
1849 -12.7019
1850 -12.7086
1851 -12.7153
1852 -12.7219
1853 -12.7286
1854 -12.7353
1855 -12.7419
1856 -12.7486
1857 -12.7553
1858 -12.7619
1859 -12.7686
1860 -12.7753
1861 -12.7819
1862 -12.7886
1863 -12.7953
1864 -12.8019
1865 -12.8086
1866 -12.8153
1867 -12.8219
1868 -12.8286
1869 -12.8353
1870 -12.8419
1871 -12.8486
1872 -12.8553
1873 -12.8619
1874 -12.8686
1875 -12.8753
1876 -12.8819
1877 -12.8886
1878 -12.8953
1879 -12.9019
1880 -12.9086
1881 -12.9153
1882 -12.9219
1883 -12.9286
1884 -12.9353
1885 -12.942
1886 -12.9486
1887 -12.9553
1888 -12.962
1889 -12.9686
1890 -12.9753
1891 -12.982
1892 -12.9886
1893 -12.9953
1894 -13.002
1895 -13.0086
1896 -13.0153
1897 -13.022
1898 -13.0286
1899 -13.0353
1900 -13.042
1901 -13.0486
1902 -13.0553
1903 -13.062
1904 -13.0686
1905 -13.0753
1906 -13.082
1907 -13.0886
1908 -13.0953
1909 -13.102
1910 -13.1086
1911 -13.1153
1912 -13.122
1913 -13.1286
1914 -13.1353
1915 -13.142
1916 -13.1486
1917 -13.1553
1918 -13.162
1919 -13.1686
1920 -13.1753
1921 -13.182
1922 -13.1886
1923 -13.1953
1924 -13.202
1925 -13.2086
1926 -13.2153
1927 -13.222
1928 -13.2286
1929 -13.2353
1930 -13.242
1931 -13.2486
1932 -13.2553
1933 -13.262
1934 -13.2686
1935 -13.2753
1936 -13.282
1937 -13.2886
1938 -13.2953
1939 -13.302
1940 -13.3086
1941 -13.3153
1942 -13.322
1943 -13.3286
1944 -13.3353
1945 -13.342
1946 -13.3486
1947 -13.3553
1948 -13.362
1949 -13.3686
1950 -13.3753
1951 -13.382
1952 -13.3886
1953 -13.3953
1954 -13.402
1955 -13.4086
1956 -13.4153
1957 -13.422
1958 -13.4286
1959 -13.4353
1960 -13.442
1961 -13.4486
1962 -13.4553
1963 -13.462
1964 -13.4686
1965 -13.4753
1966 -13.482
1967 -13.4886
1968 -13.4953
1969 -13.502
1970 -13.5086
1971 -13.5153
1972 -13.522
1973 -13.5286
1974 -13.5353
1975 -13.542
1976 -13.5486
1977 -13.5553
1978 -13.562
1979 -13.5686
1980 -13.5753
1981 -13.582
1982 -13.5886
1983 -13.5953
1984 -13.602
1985 -13.6086
1986 -13.6153
1987 -13.622
1988 -13.6286
1989 -13.6353
1990 -13.642
1991 -13.6486
1992 -13.6553
1993 -13.662
1994 -13.6686
1995 -13.6753
1996 -13.682
1997 -13.6886
1998 -13.6953
1999 -13.702
2000 -13.7086
2001 -13.7153
2002 -13.722
2003 -13.7286
2004 -13.7353
2005 -13.742
2006 -13.7486
2007 -13.7553
2008 -13.762
2009 -13.7686
2010 -13.7753
2011 -13.782
2012 -13.7886
2013 -13.7953
2014 -13.802
2015 -13.8086
2016 -13.8153
2017 -13.822
2018 -13.8286
2019 -13.8353
2020 -13.842
2021 -13.8486
2022 -13.8553
2023 -13.862
2024 -13.8686
2025 -13.8753
2026 -13.882
2027 -13.8886
2028 -13.8953
2029 -13.902
2030 -13.9086
2031 -13.9153
2032 -13.922
2033 -13.9286
2034 -13.9353
2035 -13.942
2036 -13.9486
2037 -13.9553
2038 -13.962
2039 -13.9686
2040 -13.9753
2041 -13.982
2042 -13.9886
2043 -13.9953
2044 -14.002
2045 -14.0086
2046 -14.0153
2047 -14.022
2048 -14.0286
2049 -14.0353
2050 -14.042
2051 -14.0486
2052 -14.0553
2053 -14.062
2054 -14.0686
2055 -14.0753
2056 -14.082
2057 -14.0886
2058 -14.0953
2059 -14.102
2060 -14.1086
2061 -14.1153
2062 -14.122
2063 -14.1286
2064 -14.1353
2065 -14.142
2066 -14.1486
2067 -14.1553
2068 -14.162
2069 -14.1686
2070 -14.1753
2071 -14.182
2072 -14.1886
2073 -14.1953
2074 -14.202
2075 -14.2086
2076 -14.2153
2077 -14.222
2078 -14.2286
2079 -14.2353
2080 -14.242
2081 -14.2486
2082 -14.2553
2083 -14.262
2084 -14.2686
2085 -14.2753
2086 -14.282
2087 -14.2886
2088 -14.2953
2089 -14.302
2090 -14.3086
2091 -14.3153
2092 -14.322
2093 -14.3286
2094 -14.3353
2095 -14.342
2096 -14.3486
2097 -14.3553
2098 -14.362
2099 -14.3686
2100 -14.3753
2101 -14.382
2102 -14.3886
2103 -14.3953
2104 -14.402
2105 -14.4086
2106 -14.4153
2107 -14.422
2108 -14.4286
2109 -14.4353
2110 -14.442
2111 -14.4486
2112 -14.4553
2113 -14.462
2114 -14.4686
2115 -14.4753
2116 -14.482
2117 -14.4886
2118 -14.4953
2119 -14.502
2120 -14.5086
2121 -14.5153
2122 -14.522
2123 -14.5286
2124 -14.5353
2125 -14.542
2126 -14.5486
2127 -14.5553
2128 -14.562
2129 -14.5686
2130 -14.5753
2131 -14.582
2132 -14.5886
2133 -14.5953
2134 -14.602
2135 -14.6086
2136 -14.6153
2137 -14.622
2138 -14.6286
2139 -14.6353
2140 -14.642
2141 -14.6486
2142 -14.6553
2143 -14.662
2144 -14.6686
2145 -14.6753
2146 -14.682
2147 -14.6886
2148 -14.6953
2149 -14.702
2150 -14.7086
2151 -14.7153
2152 -14.722
2153 -14.7286
2154 -14.7353
2155 -14.742
2156 -14.7486
2157 -14.7553
2158 -14.762
2159 -14.7686
2160 -14.7753
2161 -14.782
2162 -14.7886
2163 -14.7953
2164 -14.802
2165 -14.8086
2166 -14.8153
2167 -14.822
2168 -14.8286
2169 -14.8353
2170 -14.842
2171 -14.8486
2172 -14.8553
2173 -14.862
2174 -14.8686
2175 -14.8753
2176 -14.882
2177 -14.8886
2178 -14.8953
2179 -14.902
2180 -14.9086
2181 -14.9153
2182 -14.922
2183 -14.9286
2184 -14.9353
2185 -14.942
2186 -14.9486
2187 -14.9553
2188 -14.962
2189 -14.9686
2190 -14.9753
2191 -14.982
2192 -14.9886
2193 -14.9953
2194 -15.002
2195 -15.0086
2196 -15.0153
2197 -15.022
2198 -15.0286
2199 -15.0353
2200 -15.042
2201 -15.0486
2202 -15.0553
2203 -15.062
2204 -15.0686
2205 -15.0753
2206 -15.082
2207 -15.0886
2208 -15.0953
2209 -15.102
2210 -15.1086
2211 -15.1153
2212 -15.122
2213 -15.1286
2214 -15.1353
2215 -15.142
2216 -15.1486
2217 -15.1553
2218 -15.162
2219 -15.1686
2220 -15.1753
2221 -15.182
2222 -15.1886
2223 -15.1953
2224 -15.202
2225 -15.2086
2226 -15.2153
2227 -15.222
2228 -15.2286
2229 -15.2353
2230 -15.242
2231 -15.2486
2232 -15.2553
2233 -15.262
2234 -15.2686
2235 -15.2753
2236 -15.282
2237 -15.2886
2238 -15.2953
2239 -15.302
2240 -15.3086
2241 -15.3153
2242 -15.322
2243 -15.3286
2244 -15.3353
2245 -15.342
2246 -15.3486
2247 -15.3553
2248 -15.362
2249 -15.3686
2250 -15.3753
2251 -15.382
2252 -15.3886
2253 -15.3953
2254 -15.402
2255 -15.4086
2256 -15.4153
2257 -15.422
2258 -15.4286
2259 -15.4353
2260 -15.442
2261 -15.4486
2262 -15.4553
2263 -15.462
2264 -15.4686
2265 -15.4753
2266 -15.482
2267 -15.4886
2268 -15.4953
2269 -15.502
2270 -15.5086
2271 -15.5153
2272 -15.522
2273 -15.5286
2274 -15.5353
2275 -15.542
2276 -15.5486
2277 -15.5553
2278 -15.562
2279 -15.5686
2280 -15.5753
2281 -15.582
2282 -15.5886
2283 -15.5953
2284 -15.602
2285 -15.6086
2286 -15.6153
2287 -15.622
2288 -15.6286
2289 -15.6353
2290 -15.642
2291 -15.6486
2292 -15.6553
2293 -15.662
2294 -15.6686
2295 -15.6753
2296 -15.682
2297 -15.6886
2298 -15.6953
2299 -15.702
2300 -15.7086
2301 -15.7153
2302 -15.722
2303 -15.7286
2304 -15.7353
2305 -15.742
2306 -15.7486
2307 -15.7553
2308 -15.762
2309 -15.7686
2310 -15.7753
2311 -15.782
2312 -15.7886
2313 -15.7953
2314 -15.802
2315 -15.8086
2316 -15.8153
2317 -15.822
2318 -15.8286
2319 -15.8353
2320 -15.842
2321 -15.8486
2322 -15.8553
2323 -15.862
2324 -15.8686
2325 -15.8753
2326 -15.882
2327 -15.8886
2328 -15.8953
2329 -15.902
2330 -15.9086
2331 -15.9153
2332 -15.922
2333 -15.9286
2334 -15.9353
2335 -15.942
2336 -15.9486
2337 -15.9553
2338 -15.962
2339 -15.9686
2340 -15.9753
2341 -15.982
2342 -15.9886
2343 -15.9953
2344 -16.002
2345 -16.0086
2346 -16.0153
2347 -16.022
2348 -16.0286
2349 -16.0353
2350 -16.042
2351 -16.0486
2352 -16.0553
2353 -16.062
2354 -16.0686
2355 -16.0753
2356 -16.082
2357 -16.0886
2358 -16.0953
2359 -16.102
2360 -16.1086
2361 -16.1153
2362 -16.122
2363 -16.1286
2364 -16.1353
2365 -16.142
2366 -16.1486
2367 -16.1553
2368 -16.162
2369 -16.1686
2370 -16.1753
2371 -16.182
2372 -16.1886
2373 -16.1953
2374 -16.202
2375 -16.2086
2376 -16.2153
2377 -16.222
2378 -16.2286
2379 -16.2353
2380 -16.242
2381 -16.2486
2382 -16.2553
2383 -16.262
2384 -16.2686
2385 -16.2753
2386 -16.282
2387 -16.2886
2388 -16.2953
2389 -16.302
2390 -16.3086
2391 -16.3153
2392 -16.322
2393 -16.3286
2394 -16.3353
2395 -16.342
2396 -16.3486
2397 -16.3553
2398 -16.362
2399 -16.3686
2400 -16.3753
2401 -16.382
2402 -16.3886
2403 -16.3953
2404 -16.402
2405 -16.4086
2406 -16.4153
2407 -16.422
2408 -16.4286
2409 -16.4353
2410 -16.442
2411 -16.4486
2412 -16.4553
2413 -16.462
2414 -16.4686
2415 -16.4753
2416 -16.482
2417 -16.4886
2418 -16.4953
2419 -16.502
2420 -16.5086
2421 -16.5153
2422 -16.522
2423 -16.5286
2424 -16.5353
2425 -16.542
2426 -16.5486
2427 -16.5553
2428 -16.562
2429 -16.5686
2430 -16.5753
2431 -16.582
2432 -16.5886
2433 -16.5953
2434 -16.602
2435 -16.6086
2436 -16.6153
2437 -16.622
2438 -16.6286
2439 -16.6353
2440 -16.642
2441 -16.6486
2442 -16.6553
2443 -16.662
2444 -16.6686
2445 -16.6753
2446 -16.682
2447 -16.6886
2448 -16.6953
2449 -16.702
2450 -16.7086
2451 -16.7153
2452 -16.722
2453 -16.7286
2454 -16.7353
2455 -16.742
2456 -16.7486
2457 -16.7553
2458 -16.762
2459 -16.7686
2460 -16.7753
2461 -16.782
2462 -16.7886
2463 -16.7953
2464 -16.802
2465 -16.8086
2466 -16.8153
2467 -16.822
2468 -16.8286
2469 -16.8353
2470 -16.842
2471 -16.8486
2472 -16.8553
2473 -16.862
2474 -16.8686
2475 -16.8753
2476 -16.882
2477 -16.8886
2478 -16.8953
2479 -16.902
2480 -16.9086
2481 -16.9153
2482 -16.922
2483 -16.9286
2484 -16.9353
2485 -16.942
2486 -16.9486
2487 -16.9553
2488 -16.962
2489 -16.9686
2490 -16.9753
2491 -16.982
2492 -16.9886
2493 -16.9953
2494 -17.002
2495 -17.0086
2496 -17.0153
2497 -17.022
2498 -17.0286
2499 -17.0353
2500 -17.042
2501 -17.0486
2502 -17.0553
2503 -17.062
2504 -17.0686
2505 -17.0753
2506 -17.082
2507 -17.0886
2508 -17.0953
2509 -17.102
2510 -17.1086
2511 -17.1153
2512 -17.122
2513 -17.1286
2514 -17.1353
2515 -17.142
2516 -17.1486
2517 -17.1553
2518 -17.162
2519 -17.1686
2520 -17.1753
2521 -17.182
2522 -17.1886
2523 -17.1953
2524 -17.202
2525 -17.2086
2526 -17.2153
2527 -17.222
2528 -17.2286
2529 -17.2353
2530 -17.242
2531 -17.2486
2532 -17.2553
2533 -17.262
2534 -17.2686
2535 -17.2753
2536 -17.282
2537 -17.2886
2538 -17.2953
2539 -17.302
2540 -17.3086
2541 -17.3153
2542 -17.322
2543 -17.3286
2544 -17.3353
2545 -17.342
2546 -17.3486
2547 -17.3553
2548 -17.362
2549 -17.3686
2550 -17.3753
2551 -17.382
2552 -17.3886
2553 -17.3953
2554 -17.402
2555 -17.4086
2556 -17.4153
2557 -17.422
2558 -17.4286
2559 -17.4353
2560 -17.442
2561 -17.4486
2562 -17.4553
2563 -17.462
2564 -17.4686
2565 -17.4753
2566 -17.482
2567 -17.4886
2568 -17.4953
2569 -17.502
2570 -17.5086
2571 -17.5153
2572 -17.522
2573 -17.5286
2574 -17.5353
2575 -17.542
2576 -17.5486
2577 -17.5553
2578 -17.562
2579 -17.5686
2580 -17.5753
2581 -17.582
2582 -17.5886
2583 -17.5953
2584 -17.602
2585 -17.6086
2586 -17.6153
2587 -17.622
2588 -17.6286
2589 -17.6353
2590 -17.642
2591 -17.6486
2592 -17.6553
2593 -17.662
2594 -17.6686
2595 -17.6753
2596 -17.682
2597 -17.6886
2598 -17.6953
2599 -17.702
2600 -17.7086
2601 -17.7153
2602 -17.722
2603 -17.7286
2604 -17.7353
2605 -17.742
2606 -17.7486
2607 -17.7553
2608 -17.762
2609 -17.7686
2610 -17.7753
2611 -17.782
2612 -17.7886
2613 -17.7953
2614 -17.802
2615 -17.8086
2616 -17.8153
2617 -17.822
2618 -17.8286
2619 -17.8353
2620 -17.842
2621 -17.8486
2622 -17.8553
2623 -17.862
2624 -17.8686
2625 -17.8753
2626 -17.882
2627 -17.8886
2628 -17.8953
2629 -17.902
2630 -17.9086
2631 -17.9153
2632 -17.922
2633 -17.9286
2634 -17.9353
2635 -17.942
2636 -17.9486
2637 -17.9553
2638 -17.962
2639 -17.9686
2640 -17.9753
2641 -17.982
2642 -17.9886
2643 -17.9953
2644 -18.002
2645 -18.0086
2646 -18.0153
2647 -18.022
2648 -18.0286
2649 -18.0353
2650 -18.042
2651 -18.0486
2652 -18.0553
2653 -18.062
2654 -18.0686
2655 -18.0753
2656 -18.082
2657 -18.0886
2658 -18.0953
2659 -18.102
2660 -18.1086
2661 -18.1153
2662 -18.122
2663 -18.1286
2664 -18.1353
2665 -18.142
2666 -18.1486
2667 -18.1553
2668 -18.162
2669 -18.1686
2670 -18.1753
2671 -18.182
2672 -18.1886
2673 -18.1953
2674 -18.202
2675 -18.2086
2676 -18.2153
2677 -18.222
2678 -18.2286
2679 -18.2353
2680 -18.242
2681 -18.2486
2682 -18.2553
2683 -18.262
2684 -18.2686
2685 -18.2753
2686 -18.282
2687 -18.2886
2688 -18.2953
2689 -18.302
2690 -18.3086
2691 -18.3153
2692 -18.322
2693 -18.3286
2694 -18.3353
2695 -18.342
2696 -18.3486
2697 -18.3553
2698 -18.362
2699 -18.3686
2700 -18.3753
2701 -18.382
2702 -18.3886
2703 -18.3953
2704 -18.402
2705 -18.4086
2706 -18.4153
2707 -18.422
2708 -18.4286
2709 -18.4353
2710 -18.442
2711 -18.4486
2712 -18.4553
2713 -18.462
2714 -18.4686
2715 -18.4753
2716 -18.482
2717 -18.4886
2718 -18.4953
2719 -18.502
2720 -18.5086
2721 -18.5153
2722 -18.522
2723 -18.5286
2724 -18.5353
2725 -18.542
2726 -18.5486
2727 -18.5553
2728 -18.562
2729 -18.5686
2730 -18.5753
2731 -18.582
2732 -18.5886
2733 -18.5953
2734 -18.602
2735 -18.6086
2736 -18.6153
2737 -18.622
2738 -18.6286
2739 -18.6353
2740 -18.642
2741 -18.6486
2742 -18.6553
2743 -18.662
2744 -18.6686
2745 -18.6753
2746 -18.682
2747 -18.6886
2748 -18.6953
2749 -18.702
2750 -18.7086
2751 -18.7153
2752 -18.722
2753 -18.7286
2754 -18.7353
2755 -18.742
2756 -18.7486
2757 -18.7553
2758 -18.762
2759 -18.7686
2760 -18.7753
2761 -18.782
2762 -18.7886
2763 -18.7953
2764 -18.802
2765 -18.8086
2766 -18.8153
2767 -18.822
2768 -18.8286
2769 -18.8353
2770 -18.842
2771 -18.8486
2772 -18.8553
2773 -18.862
2774 -18.8686
2775 -18.8753
2776 -18.882
2777 -18.8886
2778 -18.8953
2779 -18.902
2780 -18.9086
2781 -18.9153
2782 -18.922
2783 -18.9286
2784 -18.9353
2785 -18.942
2786 -18.9486
2787 -18.9553
2788 -18.962
2789 -18.9686
2790 -18.9753
2791 -18.982
2792 -18.9886
2793 -18.9953
2794 -19.002
2795 -19.0086
2796 -19.0153
2797 -19.022
2798 -19.0286
2799 -19.0353
2800 -19.042
2801 -19.0486
2802 -19.0553
2803 -19.062
2804 -19.0686
2805 -19.0753
2806 -19.082
2807 -19.0886
2808 -19.0953
2809 -19.102
2810 -19.1086
2811 -19.1153
2812 -19.122
2813 -19.1286
2814 -19.1353
2815 -19.142
2816 -19.1486
2817 -19.1553
2818 -19.162
2819 -19.1686
2820 -19.1753
2821 -19.182
2822 -19.1886
2823 -19.1953
2824 -19.202
2825 -19.2086
2826 -19.2153
2827 -19.222
2828 -19.2286
2829 -19.2353
2830 -19.242
2831 -19.2486
2832 -19.2553
2833 -19.262
2834 -19.2686
2835 -19.2753
2836 -19.282
2837 -19.2886
2838 -19.2953
2839 -19.302
2840 -19.3086
2841 -19.3153
2842 -19.322
2843 -19.3286
2844 -19.3353
2845 -19.342
2846 -19.3486
2847 -19.3553
2848 -19.362
2849 -19.3686
2850 -19.3753
2851 -19.382
2852 -19.3886
2853 -19.3953
2854 -19.402
2855 -19.4086
2856 -19.4153
2857 -19.422
2858 -19.4286
2859 -19.4353
2860 -19.442
2861 -19.4486
2862 -19.4553
2863 -19.462
2864 -19.4686
2865 -19.4753
2866 -19.482
2867 -19.4886
2868 -19.4953
2869 -19.502
2870 -19.5086
2871 -19.5153
2872 -19.522
2873 -19.5286
2874 -19.5353
2875 -19.542
2876 -19.5486
2877 -19.5553
2878 -19.562
2879 -19.5686
2880 -19.5753
2881 -19.582
2882 -19.5886
2883 -19.5953
2884 -19.602
2885 -19.6086
2886 -19.6153
2887 -19.622
2888 -19.6286
2889 -19.6353
2890 -19.642
2891 -19.6486
2892 -19.6553
2893 -19.662
2894 -19.6686
2895 -19.6753
2896 -19.682
2897 -19.6886
2898 -19.6953
2899 -19.702
2900 -19.7086
2901 -19.7153
2902 -19.722
2903 -19.7286
2904 -19.7353
2905 -19.742
2906 -19.7486
2907 -19.7553
2908 -19.762
2909 -19.7686
2910 -19.7753
2911 -19.782
2912 -19.7886
2913 -19.7953
2914 -19.802
2915 -19.8086
2916 -19.8153
2917 -19.822
2918 -19.8286
2919 -19.8353
2920 -19.842
2921 -19.8486
2922 -19.8553
2923 -19.862
2924 -19.8686
2925 -19.8753
2926 -19.882
2927 -19.8886
2928 -19.8953
2929 -19.902
2930 -19.9086
2931 -19.9153
2932 -19.922
2933 -19.9286
2934 -19.9353
2935 -19.942
2936 -19.9486
2937 -19.9553
2938 -19.962
2939 -19.9686
2940 -19.9753
2941 -19.982
2942 -19.9886
2943 -19.9953
2944 -20.002
2945 -20.0086
2946 -20.0153
2947 -20.022
2948 -20.0286
2949 -20.0353
2950 -20.042
2951 -20.0486
2952 -20.0553
2953 -20.062
2954 -20.0686
2955 -20.0753
2956 -20.082
2957 -20.0886
2958 -20.0953
2959 -20.102
2960 -20.1086
2961 -20.1153
2962 -20.122
2963 -20.1286
2964 -20.1353
2965 -20.142
2966 -20.1486
2967 -20.1553
2968 -20.162
2969 -20.1686
2970 -20.1753
2971 -20.182
2972 -20.1886
2973 -20.1953
2974 -20.202
2975 -20.2086
2976 -20.2153
2977 -20.222
2978 -20.2286
2979 -20.2353
2980 -20.242
2981 -20.2486
2982 -20.2553
2983 -20.262
2984 -20.2686
2985 -20.2753
2986 -20.282
2987 -20.2886
2988 -20.2953
2989 -20.302
2990 -20.3086
2991 -20.3153
2992 -20.322
2993 -20.3286
2994 -20.3353
2995 -20.342
2996 -20.3486
2997 -20.3553
2998 -20.362
2999 -20.3686
3000 -20.3753
3001 -20.382
3002 -20.3886
3003 -20.3953
3004 -20.402
3005 -20.4086
3006 -20.4153
3007 -20.422
3008 -20.4286
3009 -20.4353
3010 -20.442
3011 -20.4486
3012 -20.4553
3013 -20.462
3014 -20.4686
3015 -20.4753
3016 -20.482
3017 -20.4886
3018 -20.4953
3019 -20.502
3020 -20.5086
3021 -20.5153
3022 -20.522
3023 -20.5286
3024 -20.5353
3025 -20.542
3026 -20.5486
3027 -20.5553
3028 -20.562
3029 -20.5686
3030 -20.5753
3031 -20.582
3032 -20.5886
3033 -20.5953
3034 -20.602
3035 -20.6086
3036 -20.6153
3037 -20.622
3038 -20.6286
3039 -20.6353
3040 -20.642
3041 -20.6486
3042 -20.6553
3043 -20.662
3044 -20.6686
3045 -20.6753
3046 -20.682
3047 -20.6886
3048 -20.6953
3049 -20.702
3050 -20.7086
3051 -20.7153
3052 -20.722
3053 -20.7286
3054 -20.7353
3055 -20.742
3056 -20.7486
3057 -20.7553
3058 -20.762
3059 -20.7686
3060 -20.7753
3061 -20.782
3062 -20.7886
3063 -20.7953
3064 -20.802
3065 -20.8086
3066 -20.8153
3067 -20.822
3068 -20.8286
3069 -20.8353
3070 -20.842
3071 -20.8486
3072 -20.8553
3073 -20.862
3074 -20.8686
3075 -20.8753
3076 -20.882
3077 -20.8886
3078 -20.8953
3079 -20.902
3080 -20.9086
3081 -20.9153
3082 -20.922
3083 -20.9286
3084 -20.9353
3085 -20.942
3086 -20.9486
3087 -20.9553
3088 -20.962
3089 -20.9686
3090 -20.9753
3091 -20.982
3092 -20.9886
3093 -20.9953
3094 -21.002
3095 -21.0086
3096 -21.0153
3097 -21.022
3098 -21.0286
3099 -21.0353
3100 -21.042
3101 -21.0486
3102 -21.0553
3103 -21.062
3104 -21.0686
3105 -21.0753
3106 -21.082
3107 -21.0886
3108 -21.0953
3109 -21.102
3110 -21.1086
3111 -21.1153
3112 -21.122
3113 -21.1286
3114 -21.1353
3115 -21.142
3116 -21.1486
3117 -21.1553
3118 -21.162
3119 -21.1686
3120 -21.1753
3121 -21.182
3122 -21.1886
3123 -21.1953
3124 -21.202
3125 -21.2086
3126 -21.2153
3127 -21.222
3128 -21.2286
3129 -21.2353
3130 -21.242
3131 -21.2486
3132 -21.2553
3133 -21.262
3134 -21.2686
3135 -21.2753
3136 -21.282
3137 -21.2886
3138 -21.2953
3139 -21.302
3140 -21.3086
3141 -21.3153
3142 -21.322
3143 -21.3286
3144 -21.3353
3145 -21.342
3146 -21.3486
3147 -21.3553
3148 -21.362
3149 -21.3686
3150 -21.3753
3151 -21.382
3152 -21.3886
3153 -21.3953
3154 -21.402
3155 -21.4086
3156 -21.4153
3157 -21.422
3158 -21.4286
3159 -21.4353
3160 -21.442
3161 -21.4486
3162 -21.4553
3163 -21.462
3164 -21.4686
3165 -21.4753
3166 -21.482
3167 -21.4886
3168 -21.4953
3169 -21.502
3170 -21.5086
3171 -21.5153
3172 -21.522
3173 -21.5286
3174 -21.5353
3175 -21.542
3176 -21.5486
3177 -21.5553
3178 -21.562
3179 -21.5686
3180 -21.5753
3181 -21.582
3182 -21.5886
3183 -21.5953
3184 -21.602
3185 -21.6086
3186 -21.6153
3187 -21.622
3188 -21.6286
3189 -21.6353
3190 -21.642
3191 -21.6486
3192 -21.6553
3193 -21.662
3194 -21.6686
3195 -21.6753
3196 -21.682
3197 -21.6886
3198 -21.6953
3199 -21.702
3200 -21.7087
3201 -21.7153
3202 -21.722
3203 -21.7287
3204 -21.7353
3205 -21.742
3206 -21.7487
3207 -21.7553
3208 -21.762
3209 -21.7687
3210 -21.7753
3211 -21.782
3212 -21.7887
3213 -21.7953
3214 -21.802
3215 -21.8087
3216 -21.8153
3217 -21.822
3218 -21.8287
3219 -21.8353
3220 -21.842
3221 -21.8487
3222 -21.8553
3223 -21.862
3224 -21.8687
3225 -21.8753
3226 -21.882
3227 -21.8887
3228 -21.8953
3229 -21.902
3230 -21.9087
3231 -21.9153
3232 -21.922
3233 -21.9287
3234 -21.9353
3235 -21.942
3236 -21.9487
3237 -21.9553
3238 -21.962
3239 -21.9687
3240 -21.9753
3241 -21.982
3242 -21.9887
3243 -21.9953
3244 -22.002
3245 -22.0087
3246 -22.0153
3247 -22.022
3248 -22.0287
3249 -22.0353
3250 -22.042
3251 -22.0487
3252 -22.0553
3253 -22.062
3254 -22.0687
3255 -22.0753
3256 -22.082
3257 -22.0887
3258 -22.0953
3259 -22.102
3260 -22.1087
3261 -22.1153
3262 -22.122
3263 -22.1287
3264 -22.1353
3265 -22.142
3266 -22.1487
3267 -22.1553
3268 -22.162
3269 -22.1687
3270 -22.1753
3271 -22.182
3272 -22.1887
3273 -22.1953
3274 -22.202
3275 -22.2087
3276 -22.2153
3277 -22.222
3278 -22.2287
3279 -22.2353
3280 -22.242
3281 -22.2487
3282 -22.2553
3283 -22.262
3284 -22.2687
3285 -22.2753
3286 -22.282
3287 -22.2887
3288 -22.2953
3289 -22.302
3290 -22.3087
3291 -22.3153
3292 -22.322
3293 -22.3287
3294 -22.3353
3295 -22.342
3296 -22.3487
3297 -22.3553
3298 -22.362
3299 -22.3687
3300 -22.3753
3301 -22.382
3302 -22.3887
3303 -22.3953
3304 -22.402
3305 -22.4087
3306 -22.4153
3307 -22.422
3308 -22.4287
3309 -22.4353
3310 -22.442
3311 -22.4487
3312 -22.4553
3313 -22.462
3314 -22.4687
3315 -22.4753
3316 -22.482
3317 -22.4887
3318 -22.4953
3319 -22.502
3320 -22.5087
3321 -22.5153
3322 -22.522
3323 -22.5287
3324 -22.5353
3325 -22.542
3326 -22.5487
3327 -22.5553
3328 -22.562
3329 -22.5687
3330 -22.5753
3331 -22.582
3332 -22.5887
3333 -22.5953
3334 -22.602
3335 -22.6087
3336 -22.6153
3337 -22.622
3338 -22.6287
3339 -22.6353
3340 -22.642
3341 -22.6487
3342 -22.6553
3343 -22.662
3344 -22.6687
3345 -22.6753
3346 -22.682
3347 -22.6887
3348 -22.6953
3349 -22.702
3350 -22.7087
3351 -22.7153
3352 -22.722
3353 -22.7287
3354 -22.7353
3355 -22.742
3356 -22.7487
3357 -22.7553
3358 -22.762
3359 -22.7687
3360 -22.7753
3361 -22.782
3362 -22.7887
3363 -22.7953
3364 -22.802
3365 -22.8087
3366 -22.8153
3367 -22.822
3368 -22.8287
3369 -22.8353
3370 -22.842
3371 -22.8487
3372 -22.8553
3373 -22.862
3374 -22.8687
3375 -22.8753
3376 -22.882
3377 -22.8887
3378 -22.8953
3379 -22.902
3380 -22.9087
3381 -22.9153
3382 -22.922
3383 -22.9287
3384 -22.9353
3385 -22.942
3386 -22.9487
3387 -22.9553
3388 -22.962
3389 -22.9687
3390 -22.9753
3391 -22.982
3392 -22.9887
3393 -22.9953
3394 -23.002
3395 -23.0087
3396 -23.0153
3397 -23.022
