0 4.60767
1 4.26483
2 4.07149
3 3.93246
4 3.82324
5 3.73305
6 3.65609
7 3.58888
8 3.52916
9 3.47538
10 3.42641
11 3.38143
12 3.33981
13 3.30107
14 3.26479
15 3.23068
16 3.19847
17 3.16795
18 3.13893
19 3.11126
20 3.08481
21 3.05947
22 3.03514
23 3.01173
24 2.98918
25 2.9674
26 2.94635
27 2.92597
28 2.90622
29 2.88705
30 2.86842
31 2.8503
32 2.83266
33 2.81547
34 2.79871
35 2.78234
36 2.76635
37 2.75072
38 2.73543
39 2.72046
40 2.70579
41 2.69142
42 2.67732
43 2.66349
44 2.64991
45 2.63657
46 2.62346
47 2.61057
48 2.59789
49 2.58542
50 2.57314
51 2.56105
52 2.54914
53 2.5374
54 2.52583
55 2.51442
56 2.50316
57 2.49205
58 2.48109
59 2.47027
60 2.45958
61 2.44902
62 2.43858
63 2.42827
64 2.41808
65 2.408
66 2.39803
67 2.38817
68 2.37841
69 2.36875
70 2.35919
71 2.34973
72 2.34036
73 2.33108
74 2.32188
75 2.31278
76 2.30375
77 2.2948
78 2.28594
79 2.27715
80 2.26843
81 2.25979
82 2.25121
83 2.24271
84 2.23427
85 2.2259
86 2.21759
87 2.20935
88 2.20116
89 2.19304
90 2.18497
91 2.17696
92 2.16901
93 2.16111
94 2.15326
95 2.14546
96 2.13772
97 2.13002
98 2.12238
99 2.11478
100 2.10723
101 2.09972
102 2.09226
103 2.08484
104 2.07746
105 2.07013
106 2.06284
107 2.05558
108 2.04837
109 2.0412
110 2.03406
111 2.02696
112 2.0199
113 2.01287
114 2.00588
115 1.99892
116 1.992
117 1.98511
118 1.97825
119 1.97142
120 1.96463
121 1.95786
122 1.95113
123 1.94442
124 1.93775
125 1.9311
126 1.92449
127 1.9179
128 1.91133
129 1.9048
130 1.89829
131 1.8918
132 1.88534
133 1.87891
134 1.8725
135 1.86612
136 1.85976
137 1.85342
138 1.8471
139 1.84081
140 1.83454
141 1.82829
142 1.82207
143 1.81586
144 1.80968
145 1.80351
146 1.79737
147 1.79125
148 1.78514
149 1.77906
150 1.773
151 1.76695
152 1.76092
153 1.75491
154 1.74892
155 1.74294
156 1.73699
157 1.73105
158 1.72513
159 1.71922
160 1.71333
161 1.70746
162 1.7016
163 1.69576
164 1.68993
165 1.68412
166 1.67832
167 1.67254
168 1.66677
169 1.66102
170 1.65528
171 1.64956
172 1.64385
173 1.63815
174 1.63247
175 1.6268
176 1.62114
177 1.6155
178 1.60987
179 1.60425
180 1.59864
181 1.59305
182 1.58747
183 1.5819
184 1.57634
185 1.57079
186 1.56526
187 1.55973
188 1.55422
189 1.54872
190 1.54323
191 1.53775
192 1.53228
193 1.52682
194 1.52137
195 1.51593
196 1.51051
197 1.50509
198 1.49968
199 1.49428
200 1.48889
201 1.48351
202 1.47814
203 1.47278
204 1.46742
205 1.46208
206 1.45675
207 1.45142
208 1.4461
209 1.4408
210 1.43549
211 1.4302
212 1.42492
213 1.41964
214 1.41438
215 1.40912
216 1.40387
217 1.39862
218 1.39339
219 1.38816
220 1.38294
221 1.37772
222 1.37252
223 1.36732
224 1.36213
225 1.35694
226 1.35176
227 1.34659
228 1.34143
229 1.33627
230 1.33112
231 1.32597
232 1.32084
233 1.31571
234 1.31058
235 1.30546
236 1.30035
237 1.29524
238 1.29014
239 1.28505
240 1.27996
241 1.27488
242 1.2698
243 1.26473
244 1.25966
245 1.25461
246 1.24955
247 1.2445
248 1.23946
249 1.23442
250 1.22939
251 1.22436
252 1.21934
253 1.21432
254 1.20931
255 1.2043
256 1.1993
257 1.1943
258 1.18931
259 1.18433
260 1.17934
261 1.17436
262 1.16939
263 1.16442
264 1.15946
265 1.1545
266 1.14954
267 1.14459
268 1.13965
269 1.1347
270 1.12977
271 1.12483
272 1.1199
273 1.11498
274 1.11006
275 1.10514
276 1.10023
277 1.09532
278 1.09041
279 1.08551
280 1.08061
281 1.07572
282 1.07083
283 1.06594
284 1.06106
285 1.05618
286 1.0513
287 1.04643
288 1.04156
289 1.0367
290 1.03184
291 1.02698
292 1.02212
293 1.01727
294 1.01242
295 1.00758
296 1.00274
297 0.9979
298 0.993065
299 0.988233
300 0.983404
301 0.978578
302 0.973755
303 0.968935
304 0.964118
305 0.959304
306 0.954493
307 0.949685
308 0.94488
309 0.940077
310 0.935278
311 0.930481
312 0.925687
313 0.920895
314 0.916107
315 0.911321
316 0.906537
317 0.901756
318 0.896978
319 0.892202
320 0.887429
321 0.882659
322 0.877891
323 0.873125
324 0.868362
325 0.863601
326 0.858842
327 0.854086
328 0.849333
329 0.844581
330 0.839832
331 0.835085
332 0.83034
333 0.825598
334 0.820858
335 0.81612
336 0.811384
337 0.80665
338 0.801918
339 0.797189
340 0.792461
341 0.787736
342 0.783013
343 0.778291
344 0.773572
345 0.768854
346 0.764139
347 0.759425
348 0.754714
349 0.750004
350 0.745296
351 0.74059
352 0.735886
353 0.731184
354 0.726483
355 0.721784
356 0.717087
357 0.712392
358 0.707699
359 0.703007
360 0.698317
361 0.693629
362 0.688942
363 0.684257
364 0.679573
365 0.674892
366 0.670212
367 0.665533
368 0.660856
369 0.65618
370 0.651507
371 0.646834
372 0.642163
373 0.637494
374 0.632826
375 0.62816
376 0.623495
377 0.618831
378 0.614169
379 0.609508
380 0.604849
381 0.600191
382 0.595535
383 0.59088
384 0.586226
385 0.581573
386 0.576922
387 0.572272
388 0.567624
389 0.562977
390 0.558331
391 0.553686
392 0.549042
393 0.5444
394 0.539759
395 0.535119
396 0.530481
397 0.525843
398 0.521207
399 0.516572
400 0.511938
401 0.507305
402 0.502674
403 0.498043
404 0.493414
405 0.488786
406 0.484159
407 0.479532
408 0.474907
409 0.470283
410 0.465661
411 0.461039
412 0.456418
413 0.451798
414 0.447179
415 0.442561
416 0.437945
417 0.433329
418 0.428714
419 0.4241
420 0.419487
421 0.414875
422 0.410264
423 0.405654
424 0.401045
425 0.396437
426 0.391829
427 0.387223
428 0.382617
429 0.378012
430 0.373409
431 0.368806
432 0.364203
433 0.359602
434 0.355002
435 0.350402
436 0.345803
437 0.341205
438 0.336608
439 0.332012
440 0.327416
441 0.322821
442 0.318227
443 0.313634
444 0.309042
445 0.30445
446 0.299859
447 0.295269
448 0.290679
449 0.28609
450 0.281502
451 0.276915
452 0.272328
453 0.267742
454 0.263157
455 0.258573
456 0.253989
457 0.249406
458 0.244823
459 0.240241
460 0.23566
461 0.231079
462 0.2265
463 0.22192
464 0.217342
465 0.212764
466 0.208186
467 0.203609
468 0.199033
469 0.194458
470 0.189883
471 0.185308
472 0.180735
473 0.176161
474 0.171589
475 0.167017
476 0.162445
477 0.157874
478 0.153304
479 0.148734
480 0.144165
481 0.139596
482 0.135028
483 0.13046
484 0.125893
485 0.121326
486 0.11676
487 0.112195
488 0.10763
489 0.103065
490 0.0985009
491 0.0939373
492 0.0893742
493 0.0848116
494 0.0802494
495 0.0756878
496 0.0711265
497 0.0665658
498 0.0620055
499 0.0574457
500 0.0528863
501 0.0483274
502 0.0437689
503 0.0392109
504 0.0346533
505 0.0300961
506 0.0255393
507 0.020983
508 0.0164271
509 0.0118716
510 0.00731657
511 0.00276191
512 -0.00179235
513 -0.0063462
514 -0.0108997
515 -0.0154527
516 -0.0200054
517 -0.0245577
518 -0.0291096
519 -0.0336611
520 -0.0382122
521 -0.042763
522 -0.0473134
523 -0.0518635
524 -0.0564131
525 -0.0609624
526 -0.0655114
527 -0.07006
528 -0.0746083
529 -0.0791562
530 -0.0837037
531 -0.088251
532 -0.0927978
533 -0.0973444
534 -0.101891
535 -0.106437
536 -0.110982
537 -0.115527
538 -0.120072
539 -0.124617
540 -0.129161
541 -0.133705
542 -0.138249
543 -0.142792
544 -0.147335
545 -0.151878
546 -0.156421
547 -0.160963
548 -0.165505
549 -0.170046
550 -0.174588
551 -0.179129
552 -0.183669
553 -0.18821
554 -0.19275
555 -0.19729
556 -0.20183
557 -0.206369
558 -0.210908
559 -0.215447
560 -0.219986
561 -0.224524
562 -0.229062
563 -0.2336
564 -0.238138
565 -0.242675
566 -0.247212
567 -0.251749
568 -0.256285
569 -0.260822
570 -0.265358
571 -0.269894
572 -0.274429
573 -0.278965
574 -0.2835
575 -0.288035
576 -0.29257
577 -0.297104
578 -0.301639
579 -0.306173
580 -0.310707
581 -0.31524
582 -0.319774
583 -0.324307
584 -0.32884
585 -0.333373
586 -0.337905
587 -0.342438
588 -0.34697
589 -0.351502
590 -0.356034
591 -0.360565
592 -0.365097
593 -0.369628
594 -0.374159
595 -0.37869
596 -0.383221
597 -0.387751
598 -0.392281
599 -0.396811
600 -0.401341
601 -0.405871
602 -0.410401
603 -0.41493
604 -0.419459
605 -0.423988
606 -0.428517
607 -0.433046
608 -0.437574
609 -0.442103
610 -0.446631
611 -0.451159
612 -0.455687
613 -0.460215
614 -0.464742
615 -0.46927
616 -0.473797
617 -0.478324
618 -0.482851
619 -0.487378
620 -0.491904
621 -0.496431
622 -0.500957
623 -0.505483
624 -0.510009
625 -0.514535
626 -0.519061
627 -0.523587
628 -0.528112
629 -0.532637
630 -0.537163
631 -0.541688
632 -0.546213
633 -0.550737
634 -0.555262
635 -0.559787
636 -0.564311
637 -0.568835
638 -0.573359
639 -0.577883
640 -0.582407
641 -0.586931
642 -0.591455
643 -0.595978
644 -0.600502
645 -0.605025
646 -0.609548
647 -0.614071
648 -0.618594
649 -0.623117
650 -0.62764
651 -0.632162
652 -0.636685
653 -0.641207
654 -0.645729
655 -0.650251
656 -0.654773
657 -0.659295
658 -0.663817
659 -0.668339
660 -0.672861
661 -0.677382
662 -0.681903
663 -0.686425
664 -0.690946
665 -0.695467
666 -0.699988
667 -0.704509
668 -0.70903
669 -0.71355
670 -0.718071
671 -0.722592
672 -0.727112
673 -0.731632
674 -0.736153
675 -0.740673
676 -0.745193
677 -0.749713
678 -0.754233
679 -0.758752
680 -0.763272
681 -0.767792
682 -0.772311
683 -0.776831
684 -0.78135
685 -0.785869
686 -0.790389
687 -0.794908
688 -0.799427
689 -0.803946
690 -0.808465
691 -0.812983
692 -0.817502
693 -0.822021
694 -0.826539
695 -0.831058
696 -0.835576
697 -0.840095
698 -0.844613
699 -0.849131
700 -0.853649
701 -0.858167
702 -0.862685
703 -0.867203
704 -0.871721
705 -0.876239
706 -0.880756
707 -0.885274
708 -0.889792
709 -0.894309
710 -0.898827
711 -0.903344
712 -0.907861
713 -0.912378
714 -0.916896
715 -0.921413
716 -0.92593
717 -0.930447
718 -0.934964
719 -0.939481
720 -0.943997
721 -0.948514
722 -0.953031
723 -0.957547
724 -0.962064
725 -0.96658
726 -0.971097
727 -0.975613
728 -0.98013
729 -0.984646
730 -0.989162
731 -0.993678
732 -0.998194
733 -1.00271
734 -1.00723
735 -1.01174
736 -1.01626
737 -1.02077
738 -1.02529
739 -1.02981
740 -1.03432
741 -1.03884
742 -1.04335
743 -1.04787
744 -1.05238
745 -1.0569
746 -1.06141
747 -1.06593
748 -1.07045
749 -1.07496
750 -1.07948
751 -1.08399
752 -1.08851
753 -1.09302
754 -1.09754
755 -1.10205
756 -1.10657
757 -1.11108
758 -1.1156
759 -1.12011
760 -1.12463
761 -1.12914
762 -1.13365
763 -1.13817
764 -1.14268
765 -1.1472
766 -1.15171
767 -1.15623
768 -1.16074
769 -1.16526
770 -1.16977
771 -1.17429
772 -1.1788
773 -1.18331
774 -1.18783
775 -1.19234
776 -1.19686
777 -1.20137
778 -1.20588
779 -1.2104
780 -1.21491
781 -1.21943
782 -1.22394
783 -1.22845
784 -1.23297
785 -1.23748
786 -1.242
787 -1.24651
788 -1.25102
789 -1.25554
790 -1.26005
791 -1.26456
792 -1.26908
793 -1.27359
794 -1.27811
795 -1.28262
796 -1.28713
797 -1.29165
798 -1.29616
799 -1.30067
800 -1.30519
801 -1.3097
802 -1.31421
803 -1.31873
804 -1.32324
805 -1.32775
806 -1.33227
807 -1.33678
808 -1.34129
809 -1.34581
810 -1.35032
811 -1.35483
812 -1.35934
813 -1.36386
814 -1.36837
815 -1.37288
816 -1.3774
817 -1.38191
818 -1.38642
819 -1.39093
820 -1.39545
821 -1.39996
822 -1.40447
823 -1.40899
824 -1.4135
825 -1.41801
826 -1.42252
827 -1.42704
828 -1.43155
829 -1.43606
830 -1.44057
831 -1.44509
832 -1.4496
833 -1.45411
834 -1.45863
835 -1.46314
836 -1.46765
837 -1.47216
838 -1.47667
839 -1.48119
840 -1.4857
841 -1.49021
842 -1.49472
843 -1.49924
844 -1.50375
845 -1.50826
846 -1.51277
847 -1.51729
848 -1.5218
849 -1.52631
850 -1.53082
851 -1.53533
852 -1.53985
853 -1.54436
854 -1.54887
855 -1.55338
856 -1.5579
857 -1.56241
858 -1.56692
859 -1.57143
860 -1.57594
861 -1.58046
862 -1.58497
863 -1.58948
864 -1.59399
865 -1.5985
866 -1.60302
867 -1.60753
868 -1.61204
869 -1.61655
870 -1.62106
871 -1.62557
872 -1.63009
873 -1.6346
874 -1.63911
875 -1.64362
876 -1.64813
877 -1.65265
878 -1.65716
879 -1.66167
880 -1.66618
881 -1.67069
882 -1.6752
883 -1.67972
884 -1.68423
885 -1.68874
886 -1.69325
887 -1.69776
888 -1.70227
889 -1.70679
890 -1.7113
891 -1.71581
892 -1.72032
893 -1.72483
894 -1.72934
895 -1.73385
896 -1.73837
897 -1.74288
898 -1.74739
899 -1.7519
900 -1.75641
901 -1.76092
902 -1.76544
903 -1.76995
904 -1.77446
905 -1.77897
906 -1.78348
907 -1.78799
908 -1.7925
909 -1.79701
910 -1.80153
911 -1.80604
912 -1.81055
913 -1.81506
914 -1.81957
915 -1.82408
916 -1.82859
917 -1.83311
918 -1.83762
919 -1.84213
920 -1.84664
921 -1.85115
922 -1.85566
923 -1.86017
924 -1.86468
925 -1.86919
926 -1.87371
927 -1.87822
928 -1.88273
929 -1.88724
930 -1.89175
931 -1.89626
932 -1.90077
933 -1.90528
934 -1.9098
935 -1.91431
936 -1.91882
937 -1.92333
938 -1.92784
939 -1.93235
940 -1.93686
941 -1.94137
942 -1.94588
943 -1.95039
944 -1.95491
945 -1.95942
946 -1.96393
947 -1.96844
948 -1.97295
949 -1.97746
950 -1.98197
951 -1.98648
952 -1.99099
953 -1.9955
954 -2.00002
955 -2.00453
956 -2.00904
957 -2.01355
958 -2.01806
959 -2.02257
960 -2.02708
961 -2.03159
962 -2.0361
963 -2.04061
964 -2.04512
965 -2.04964
966 -2.05415
967 -2.05866
968 -2.06317
969 -2.06768
970 -2.07219
971 -2.0767
972 -2.08121
973 -2.08572
974 -2.09023
975 -2.09474
976 -2.09925
977 -2.10377
978 -2.10828
979 -2.11279
980 -2.1173
981 -2.12181
982 -2.12632
983 -2.13083
984 -2.13534
985 -2.13985
986 -2.14436
987 -2.14887
988 -2.15338
989 -2.15789
990 -2.16241
991 -2.16692
992 -2.17143
993 -2.17594
994 -2.18045
995 -2.18496
996 -2.18947
997 -2.19398
998 -2.19849
999 -2.203
1000 -2.20751
1001 -2.21202
1002 -2.21653
1003 -2.22104
1004 -2.22556
1005 -2.23007
1006 -2.23458
1007 -2.23909
1008 -2.2436
1009 -2.24811
1010 -2.25262
1011 -2.25713
1012 -2.26164
1013 -2.26615
1014 -2.27066
1015 -2.27517
1016 -2.27968
1017 -2.28419
1018 -2.2887
1019 -2.29321
1020 -2.29773
1021 -2.30224
1022 -2.30675
1023 -2.31126
1024 -2.31577
1025 -2.32028
1026 -2.32479
1027 -2.3293
1028 -2.33381
1029 -2.33832
1030 -2.34283
1031 -2.34734
1032 -2.35185
1033 -2.35636
1034 -2.36087
1035 -2.36538
1036 -2.36989
1037 -2.3744
1038 -2.37892
1039 -2.38343
1040 -2.38794
1041 -2.39245
1042 -2.39696
1043 -2.40147
1044 -2.40598
1045 -2.41049
1046 -2.415
1047 -2.41951
1048 -2.42402
1049 -2.42853
1050 -2.43304
1051 -2.43755
1052 -2.44206
1053 -2.44657
1054 -2.45108
1055 -2.45559
1056 -2.4601
1057 -2.46461
1058 -2.46913
1059 -2.47364
1060 -2.47815
1061 -2.48266
1062 -2.48717
1063 -2.49168
1064 -2.49619
1065 -2.5007
1066 -2.50521
1067 -2.50972
1068 -2.51423
1069 -2.51874
1070 -2.52325
1071 -2.52776
1072 -2.53227
1073 -2.53678
1074 -2.54129
1075 -2.5458
1076 -2.55031
1077 -2.55482
1078 -2.55933
1079 -2.56384
1080 -2.56835
1081 -2.57287
1082 -2.57738
1083 -2.58189
1084 -2.5864
1085 -2.59091
1086 -2.59542
1087 -2.59993
1088 -2.60444
1089 -2.60895
1090 -2.61346
1091 -2.61797
1092 -2.62248
1093 -2.62699
1094 -2.6315
1095 -2.63601
1096 -2.64052
1097 -2.64503
1098 -2.64954
1099 -2.65405
1100 -2.65856
1101 -2.66307
1102 -2.66758
1103 -2.67209
1104 -2.6766
1105 -2.68111
1106 -2.68562
1107 -2.69014
1108 -2.69465
1109 -2.69916
1110 -2.70367
1111 -2.70818
1112 -2.71269
1113 -2.7172
1114 -2.72171
1115 -2.72622
1116 -2.73073
1117 -2.73524
1118 -2.73975
1119 -2.74426
1120 -2.74877
1121 -2.75328
1122 -2.75779
1123 -2.7623
1124 -2.76681
1125 -2.77132
1126 -2.77583
1127 -2.78034
1128 -2.78485
1129 -2.78936
1130 -2.79387
1131 -2.79838
1132 -2.80289
1133 -2.8074
1134 -2.81191
1135 -2.81642
1136 -2.82093
1137 -2.82545
1138 -2.82996
1139 -2.83447
1140 -2.83898
1141 -2.84349
1142 -2.848
1143 -2.85251
1144 -2.85702
1145 -2.86153
1146 -2.86604
1147 -2.87055
1148 -2.87506
1149 -2.87957
1150 -2.88408
1151 -2.88859
1152 -2.8931
1153 -2.89761
1154 -2.90212
1155 -2.90663
1156 -2.91114
1157 -2.91565
1158 -2.92016
1159 -2.92467
1160 -2.92918
1161 -2.93369
1162 -2.9382
1163 -2.94271
1164 -2.94722
1165 -2.95173
1166 -2.95624
1167 -2.96075
1168 -2.96526
1169 -2.96977
1170 -2.97428
1171 -2.97879
1172 -2.9833
1173 -2.98782
1174 -2.99233
1175 -2.99684
1176 -3.00135
1177 -3.00586
1178 -3.01037
1179 -3.01488
1180 -3.01939
1181 -3.0239
1182 -3.02841
1183 -3.03292
1184 -3.03743
1185 -3.04194
1186 -3.04645
1187 -3.05096
1188 -3.05547
1189 -3.05998
1190 -3.06449
1191 -3.069
1192 -3.07351
1193 -3.07802
1194 -3.08253
1195 -3.08704
1196 -3.09155
1197 -3.09606
1198 -3.10057
1199 -3.10508
1200 -3.10959
1201 -3.1141
1202 -3.11861
1203 -3.12312
1204 -3.12763
1205 -3.13214
1206 -3.13665
1207 -3.14116
1208 -3.14567
1209 -3.15018
1210 -3.15469
1211 -3.1592
1212 -3.16371
1213 -3.16823
1214 -3.17274
1215 -3.17725
1216 -3.18176
1217 -3.18627
1218 -3.19078
1219 -3.19529
1220 -3.1998
1221 -3.20431
1222 -3.20882
1223 -3.21333
1224 -3.21784
1225 -3.22235
1226 -3.22686
1227 -3.23137
1228 -3.23588
1229 -3.24039
1230 -3.2449
1231 -3.24941
1232 -3.25392
1233 -3.25843
1234 -3.26294
1235 -3.26745
1236 -3.27196
1237 -3.27647
1238 -3.28098
1239 -3.28549
1240 -3.29
1241 -3.29451
1242 -3.29902
1243 -3.30353
1244 -3.30804
1245 -3.31255
1246 -3.31706
1247 -3.32157
1248 -3.32608
1249 -3.33059
1250 -3.3351
1251 -3.33961
1252 -3.34412
1253 -3.34863
1254 -3.35314
1255 -3.35765
1256 -3.36216
1257 -3.36667
1258 -3.37118
1259 -3.3757
1260 -3.38021
1261 -3.38472
1262 -3.38923
1263 -3.39374
1264 -3.39825
1265 -3.40276
1266 -3.40727
1267 -3.41178
1268 -3.41629
1269 -3.4208
1270 -3.42531
1271 -3.42982
1272 -3.43433
1273 -3.43884
1274 -3.44335
1275 -3.44786
1276 -3.45237
1277 -3.45688
1278 -3.46139
1279 -3.4659
1280 -3.47041
1281 -3.47492
1282 -3.47943
1283 -3.48394
1284 -3.48845
1285 -3.49296
1286 -3.49747
1287 -3.50198
1288 -3.50649
1289 -3.511
1290 -3.51551
1291 -3.52002
1292 -3.52453
1293 -3.52904
1294 -3.53355
1295 -3.53806
1296 -3.54257
1297 -3.54708
1298 -3.55159
1299 -3.5561
1300 -3.56061
1301 -3.56512
1302 -3.56963
1303 -3.57414
1304 -3.57865
1305 -3.58316
1306 -3.58767
1307 -3.59218
1308 -3.59669
1309 -3.6012
1310 -3.60572
1311 -3.61023
1312 -3.61474
1313 -3.61925
1314 -3.62376
1315 -3.62827
1316 -3.63278
1317 -3.63729
1318 -3.6418
1319 -3.64631
1320 -3.65082
1321 -3.65533
1322 -3.65984
1323 -3.66435
1324 -3.66886
1325 -3.67337
1326 -3.67788
1327 -3.68239
1328 -3.6869
1329 -3.69141
1330 -3.69592
1331 -3.70043
1332 -3.70494
1333 -3.70945
1334 -3.71396
1335 -3.71847
1336 -3.72298
1337 -3.72749
1338 -3.732
1339 -3.73651
1340 -3.74102
1341 -3.74553
1342 -3.75004
1343 -3.75455
1344 -3.75906
1345 -3.76357
1346 -3.76808
1347 -3.77259
1348 -3.7771
1349 -3.78161
1350 -3.78612
1351 -3.79063
1352 -3.79514
1353 -3.79965
1354 -3.80416
1355 -3.80867
1356 -3.81318
1357 -3.81769
1358 -3.8222
1359 -3.82671
1360 -3.83122
1361 -3.83573
1362 -3.84024
1363 -3.84475
1364 -3.84926
1365 -3.85378
1366 -3.85829
1367 -3.8628
1368 -3.86731
1369 -3.87182
1370 -3.87633
1371 -3.88084
1372 -3.88535
1373 -3.88986
1374 -3.89437
1375 -3.89888
1376 -3.90339
1377 -3.9079
1378 -3.91241
1379 -3.91692
1380 -3.92143
1381 -3.92594
1382 -3.93045
1383 -3.93496
1384 -3.93947
1385 -3.94398
1386 -3.94849
1387 -3.953
1388 -3.95751
1389 -3.96202
1390 -3.96653
1391 -3.97104
1392 -3.97555
1393 -3.98006
1394 -3.98457
1395 -3.98908
1396 -3.99359
1397 -3.9981
1398 -4.00261
1399 -4.00712
1400 -4.01163
1401 -4.01614
1402 -4.02065
1403 -4.02516
1404 -4.02967
1405 -4.03418
1406 -4.03869
1407 -4.0432
1408 -4.04771
1409 -4.05222
1410 -4.05673
1411 -4.06124
1412 -4.06575
1413 -4.07026
1414 -4.07477
1415 -4.07928
1416 -4.08379
1417 -4.0883
1418 -4.09281
1419 -4.09732
1420 -4.10183
1421 -4.10634
1422 -4.11085
1423 -4.11536
1424 -4.11988
1425 -4.12439
1426 -4.1289
1427 -4.13341
1428 -4.13792
1429 -4.14243
1430 -4.14694
1431 -4.15145
1432 -4.15596
1433 -4.16047
1434 -4.16498
1435 -4.16949
1436 -4.174
1437 -4.17851
1438 -4.18302
1439 -4.18753
1440 -4.19204
1441 -4.19655
1442 -4.20106
1443 -4.20557
1444 -4.21008
1445 -4.21459
1446 -4.2191
1447 -4.22361
1448 -4.22812
1449 -4.23263
1450 -4.23714
1451 -4.24165
1452 -4.24616
1453 -4.25067
1454 -4.25518
1455 -4.25969
1456 -4.2642
1457 -4.26871
1458 -4.27322
1459 -4.27773
1460 -4.28224
1461 -4.28675
1462 -4.29126
1463 -4.29577
1464 -4.30028
1465 -4.30479
1466 -4.3093
1467 -4.31381
1468 -4.31832
1469 -4.32283
1470 -4.32734
1471 -4.33185
1472 -4.33636
1473 -4.34087
1474 -4.34538
1475 -4.34989
1476 -4.3544
1477 -4.35891
1478 -4.36342
1479 -4.36793
1480 -4.37244
1481 -4.37695
1482 -4.38146
1483 -4.38597
1484 -4.39048
1485 -4.395
1486 -4.39951
1487 -4.40402
1488 -4.40853
1489 -4.41304
1490 -4.41755
1491 -4.42206
1492 -4.42657
1493 -4.43108
1494 -4.43559
1495 -4.4401
1496 -4.44461
1497 -4.44912
1498 -4.45363
1499 -4.45814
1500 -4.46265
1501 -4.46716
1502 -4.47167
1503 -4.47618
1504 -4.48069
1505 -4.4852
1506 -4.48971
1507 -4.49422
1508 -4.49873
1509 -4.50324
1510 -4.50775
1511 -4.51226
1512 -4.51677
1513 -4.52128
1514 -4.52579
1515 -4.5303
1516 -4.53481
1517 -4.53932
1518 -4.54383
1519 -4.54834
1520 -4.55285
1521 -4.55736
1522 -4.56187
1523 -4.56638
1524 -4.57089
1525 -4.5754
1526 -4.57991
1527 -4.58442
1528 -4.58893
1529 -4.59344
1530 -4.59795
1531 -4.60246
1532 -4.60697
1533 -4.61148
1534 -4.61599
1535 -4.6205
1536 -4.62501
1537 -4.62952
1538 -4.63403
1539 -4.63854
1540 -4.64305
1541 -4.64756
1542 -4.65207
1543 -4.65658
1544 -4.66109
1545 -4.6656
1546 -4.67011
1547 -4.67463
1548 -4.67914
1549 -4.68365
1550 -4.68816
1551 -4.69267
1552 -4.69718
1553 -4.70169
1554 -4.7062
1555 -4.71071
1556 -4.71522
1557 -4.71973
1558 -4.72424
1559 -4.72875
1560 -4.73326
1561 -4.73777
1562 -4.74228
1563 -4.74679
1564 -4.7513
1565 -4.75581
1566 -4.76032
1567 -4.76483
1568 -4.76934
1569 -4.77385
1570 -4.77836
1571 -4.78287
1572 -4.78738
1573 -4.79189
1574 -4.7964
1575 -4.80091
1576 -4.80542
1577 -4.80993
1578 -4.81444
1579 -4.81895
1580 -4.82346
1581 -4.82797
1582 -4.83248
1583 -4.83699
1584 -4.8415
1585 -4.84601
1586 -4.85052
1587 -4.85503
1588 -4.85954
1589 -4.86405
1590 -4.86856
1591 -4.87307
1592 -4.87758
1593 -4.88209
1594 -4.8866
1595 -4.89111
1596 -4.89562
1597 -4.90013
1598 -4.90464
1599 -4.90915
1600 -4.91366
1601 -4.91817
1602 -4.92268
1603 -4.92719
1604 -4.9317
1605 -4.93621
1606 -4.94072
1607 -4.94523
1608 -4.94974
1609 -4.95425
1610 -4.95876
1611 -4.96328
1612 -4.96779
1613 -4.9723
1614 -4.97681
1615 -4.98132
1616 -4.98583
1617 -4.99034
1618 -4.99485
1619 -4.99936
1620 -5.00387
1621 -5.00838
1622 -5.01289
1623 -5.0174
1624 -5.02191
1625 -5.02642
1626 -5.03093
1627 -5.03544
1628 -5.03995
1629 -5.04446
1630 -5.04897
1631 -5.05348
1632 -5.05799
1633 -5.0625
1634 -5.06701
1635 -5.07152
1636 -5.07603
1637 -5.08054
1638 -5.08505
1639 -5.08956
1640 -5.09407
1641 -5.09858
1642 -5.10309
1643 -5.1076
1644 -5.11211
1645 -5.11662
1646 -5.12113
1647 -5.12564
1648 -5.13015
1649 -5.13466
1650 -5.13917
1651 -5.14368
1652 -5.14819
1653 -5.1527
1654 -5.15721
1655 -5.16172
1656 -5.16623
1657 -5.17074
1658 -5.17525
1659 -5.17976
1660 -5.18427
1661 -5.18878
1662 -5.19329
1663 -5.1978
1664 -5.20231
1665 -5.20682
1666 -5.21133
1667 -5.21584
1668 -5.22035
1669 -5.22486
1670 -5.22937
1671 -5.23388
1672 -5.23839
1673 -5.2429
1674 -5.24742
1675 -5.25193
1676 -5.25644
1677 -5.26095
1678 -5.26546
1679 -5.26997
1680 -5.27448
1681 -5.27899
1682 -5.2835
1683 -5.28801
1684 -5.29252
1685 -5.29703
1686 -5.30154
1687 -5.30605
1688 -5.31056
1689 -5.31507
1690 -5.31958
1691 -5.32409
1692 -5.3286
1693 -5.33311
1694 -5.33762
1695 -5.34213
1696 -5.34664
1697 -5.35115
1698 -5.35566
1699 -5.36017
1700 -5.36468
1701 -5.36919
1702 -5.3737
1703 -5.37821
1704 -5.38272
1705 -5.38723
1706 -5.39174
1707 -5.39625
1708 -5.40076
1709 -5.40527
1710 -5.40978
1711 -5.41429
1712 -5.4188
1713 -5.42331
1714 -5.42782
1715 -5.43233
1716 -5.43684
1717 -5.44135
1718 -5.44586
1719 -5.45037
1720 -5.45488
1721 -5.45939
1722 -5.4639
1723 -5.46841
1724 -5.47292
1725 -5.47743
1726 -5.48194
1727 -5.48645
1728 -5.49096
1729 -5.49547
1730 -5.49998
1731 -5.50449
1732 -5.509
1733 -5.51351
1734 -5.51802
1735 -5.52253
1736 -5.52704
1737 -5.53155
1738 -5.53607
1739 -5.54058
1740 -5.54509
1741 -5.5496
1742 -5.55411
1743 -5.55862
1744 -5.56313
1745 -5.56764
1746 -5.57215
1747 -5.57666
1748 -5.58117
1749 -5.58568
1750 -5.59019
1751 -5.5947
1752 -5.59921
1753 -5.60372
1754 -5.60823
1755 -5.61274
1756 -5.61725
1757 -5.62176
1758 -5.62627
1759 -5.63078
1760 -5.63529
1761 -5.6398
1762 -5.64431
1763 -5.64882
1764 -5.65333
1765 -5.65784
1766 -5.66235
1767 -5.66686
1768 -5.67137
1769 -5.67588
1770 -5.68039
1771 -5.6849
1772 -5.68941
1773 -5.69392
1774 -5.69843
1775 -5.70294
1776 -5.70745
1777 -5.71196
1778 -5.71647
1779 -5.72098
1780 -5.72549
1781 -5.73
1782 -5.73451
1783 -5.73902
1784 -5.74353
1785 -5.74804
1786 -5.75255
1787 -5.75706
1788 -5.76157
1789 -5.76608
1790 -5.77059
1791 -5.7751
1792 -5.77961
1793 -5.78412
1794 -5.78863
1795 -5.79314
1796 -5.79765
1797 -5.80216
1798 -5.80667
1799 -5.81118
1800 -5.81569
1801 -5.8202
1802 -5.82472
1803 -5.82923
1804 -5.83374
1805 -5.83825
1806 -5.84276
1807 -5.84727
1808 -5.85178
1809 -5.85629
1810 -5.8608
1811 -5.86531
1812 -5.86982
1813 -5.87433
1814 -5.87884
1815 -5.88335
1816 -5.88786
1817 -5.89237
1818 -5.89688
1819 -5.90139
1820 -5.9059
1821 -5.91041
1822 -5.91492
1823 -5.91943
1824 -5.92394
1825 -5.92845
1826 -5.93296
1827 -5.93747
1828 -5.94198
1829 -5.94649
1830 -5.951
1831 -5.95551
1832 -5.96002
1833 -5.96453
1834 -5.96904
1835 -5.97355
1836 -5.97806
1837 -5.98257
1838 -5.98708
1839 -5.99159
1840 -5.9961
1841 -6.00061
1842 -6.00512
1843 -6.00963
1844 -6.01414
1845 -6.01865
1846 -6.02316
1847 -6.02767
1848 -6.03218
1849 -6.03669
1850 -6.0412
1851 -6.04571
1852 -6.05022
1853 -6.05473
1854 -6.05924
1855 -6.06375
1856 -6.06826
1857 -6.07277
1858 -6.07728
1859 -6.08179
1860 -6.0863
1861 -6.09081
1862 -6.09532
1863 -6.09983
1864 -6.10434
1865 -6.10885
1866 -6.11337
1867 -6.11788
1868 -6.12239
1869 -6.1269
1870 -6.13141
1871 -6.13592
1872 -6.14043
1873 -6.14494
1874 -6.14945
1875 -6.15396
1876 -6.15847
1877 -6.16298
1878 -6.16749
1879 -6.172
1880 -6.17651
1881 -6.18102
1882 -6.18553
1883 -6.19004
1884 -6.19455
1885 -6.19906
1886 -6.20357
1887 -6.20808
1888 -6.21259
1889 -6.2171
1890 -6.22161
1891 -6.22612
1892 -6.23063
1893 -6.23514
1894 -6.23965
1895 -6.24416
1896 -6.24867
1897 -6.25318
1898 -6.25769
1899 -6.2622
1900 -6.26671
1901 -6.27122
1902 -6.27573
1903 -6.28024
1904 -6.28475
1905 -6.28926
1906 -6.29377
1907 -6.29828
1908 -6.30279
1909 -6.3073
1910 -6.31181
1911 -6.31632
1912 -6.32083
1913 -6.32534
1914 -6.32985
1915 -6.33436
1916 -6.33887
1917 -6.34338
1918 -6.34789
1919 -6.3524
1920 -6.35691
1921 -6.36142
1922 -6.36593
1923 -6.37044
1924 -6.37495
1925 -6.37946
1926 -6.38397
1927 -6.38848
1928 -6.39299
1929 -6.3975
1930 -6.40201
1931 -6.40653
1932 -6.41104
1933 -6.41555
1934 -6.42006
1935 -6.42457
1936 -6.42908
1937 -6.43359
1938 -6.4381
1939 -6.44261
1940 -6.44712
1941 -6.45163
1942 -6.45614
1943 -6.46065
1944 -6.46516
1945 -6.46967
1946 -6.47418
1947 -6.47869
1948 -6.4832
1949 -6.48771
1950 -6.49222
1951 -6.49673
1952 -6.50124
1953 -6.50575
1954 -6.51026
1955 -6.51477
1956 -6.51928
1957 -6.52379
1958 -6.5283
1959 -6.53281
1960 -6.53732
1961 -6.54183
1962 -6.54634
1963 -6.55085
1964 -6.55536
1965 -6.55987
1966 -6.56438
1967 -6.56889
1968 -6.5734
1969 -6.57791
1970 -6.58242
1971 -6.58693
1972 -6.59144
1973 -6.59595
1974 -6.60046
1975 -6.60497
1976 -6.60948
1977 -6.61399
1978 -6.6185
1979 -6.62301
1980 -6.62752
1981 -6.63203
1982 -6.63654
1983 -6.64105
1984 -6.64556
1985 -6.65007
1986 -6.65458
1987 -6.65909
1988 -6.6636
1989 -6.66811
1990 -6.67262
1991 -6.67713
1992 -6.68164
1993 -6.68615
1994 -6.69066
1995 -6.69518
1996 -6.69969
1997 -6.7042
1998 -6.70871
1999 -6.71322
2000 -6.71773
2001 -6.72224
2002 -6.72675
2003 -6.73126
2004 -6.73577
2005 -6.74028
2006 -6.74479
2007 -6.7493
2008 -6.75381
2009 -6.75832
2010 -6.76283
2011 -6.76734
2012 -6.77185
2013 -6.77636
2014 -6.78087
2015 -6.78538
2016 -6.78989
2017 -6.7944
2018 -6.79891
2019 -6.80342
2020 -6.80793
2021 -6.81244
2022 -6.81695
2023 -6.82146
2024 -6.82597
2025 -6.83048
2026 -6.83499
2027 -6.8395
2028 -6.84401
2029 -6.84852
2030 -6.85303
2031 -6.85754
2032 -6.86205
2033 -6.86656
2034 -6.87107
2035 -6.87558
2036 -6.88009
2037 -6.8846
2038 -6.88911
2039 -6.89362
2040 -6.89813
2041 -6.90264
2042 -6.90715
2043 -6.91166
2044 -6.91617
2045 -6.92068
2046 -6.92519
2047 -6.9297
2048 -6.93421
2049 -6.93872
2050 -6.94323
2051 -6.94774
2052 -6.95225
2053 -6.95676
2054 -6.96127
2055 -6.96578
2056 -6.97029
2057 -6.9748
2058 -6.97931
2059 -6.98383
2060 -6.98834
2061 -6.99285
2062 -6.99736
2063 -7.00187
2064 -7.00638
2065 -7.01089
2066 -7.0154
2067 -7.01991
2068 -7.02442
2069 -7.02893
2070 -7.03344
2071 -7.03795
2072 -7.04246
2073 -7.04697
2074 -7.05148
2075 -7.05599
2076 -7.0605
2077 -7.06501
2078 -7.06952
2079 -7.07403
2080 -7.07854
2081 -7.08305
2082 -7.08756
2083 -7.09207
2084 -7.09658
2085 -7.10109
2086 -7.1056
2087 -7.11011
2088 -7.11462
2089 -7.11913
2090 -7.12364
2091 -7.12815
2092 -7.13266
2093 -7.13717
2094 -7.14168
2095 -7.14619
2096 -7.1507
2097 -7.15521
2098 -7.15972
2099 -7.16423
2100 -7.16874
2101 -7.17325
2102 -7.17776
2103 -7.18227
2104 -7.18678
2105 -7.19129
2106 -7.1958
2107 -7.20031
2108 -7.20482
2109 -7.20933
2110 -7.21384
2111 -7.21835
2112 -7.22286
2113 -7.22737
2114 -7.23188
2115 -7.23639
2116 -7.2409
2117 -7.24541
2118 -7.24992
2119 -7.25443
2120 -7.25894
2121 -7.26345
2122 -7.26796
2123 -7.27247
2124 -7.27699
2125 -7.2815
2126 -7.28601
2127 -7.29052
2128 -7.29503
2129 -7.29954
2130 -7.30405
2131 -7.30856
2132 -7.31307
2133 -7.31758
2134 -7.32209
2135 -7.3266
2136 -7.33111
2137 -7.33562
2138 -7.34013
2139 -7.34464
2140 -7.34915
2141 -7.35366
2142 -7.35817
2143 -7.36268
2144 -7.36719
2145 -7.3717
2146 -7.37621
2147 -7.38072
2148 -7.38523
2149 -7.38974
2150 -7.39425
2151 -7.39876
2152 -7.40327
2153 -7.40778
2154 -7.41229
2155 -7.4168
2156 -7.42131
2157 -7.42582
2158 -7.43033
2159 -7.43484
2160 -7.43935
2161 -7.44386
2162 -7.44837
2163 -7.45288
2164 -7.45739
2165 -7.4619
2166 -7.46641
2167 -7.47092
2168 -7.47543
2169 -7.47994
2170 -7.48445
2171 -7.48896
2172 -7.49347
2173 -7.49798
2174 -7.50249
2175 -7.507
2176 -7.51151
2177 -7.51602
2178 -7.52053
2179 -7.52504
2180 -7.52955
2181 -7.53406
2182 -7.53857
2183 -7.54308
2184 -7.54759
2185 -7.5521
2186 -7.55661
2187 -7.56112
2188 -7.56564
2189 -7.57015
2190 -7.57466
2191 -7.57917
2192 -7.58368
2193 -7.58819
2194 -7.5927
2195 -7.59721
2196 -7.60172
2197 -7.60623
2198 -7.61074
2199 -7.61525
2200 -7.61976
2201 -7.62427
2202 -7.62878
2203 -7.63329
2204 -7.6378
2205 -7.64231
2206 -7.64682
2207 -7.65133
2208 -7.65584
2209 -7.66035
2210 -7.66486
2211 -7.66937
2212 -7.67388
2213 -7.67839
2214 -7.6829
2215 -7.68741
2216 -7.69192
2217 -7.69643
2218 -7.70094
2219 -7.70545
2220 -7.70996
2221 -7.71447
2222 -7.71898
2223 -7.72349
2224 -7.728
2225 -7.73251
2226 -7.73702
2227 -7.74153
2228 -7.74604
2229 -7.75055
2230 -7.75506
2231 -7.75957
2232 -7.76408
2233 -7.76859
2234 -7.7731
2235 -7.77761
2236 -7.78212
2237 -7.78663
2238 -7.79114
2239 -7.79565
2240 -7.80016
2241 -7.80467
2242 -7.80918
2243 -7.81369
2244 -7.8182
2245 -7.82271
2246 -7.82722
2247 -7.83173
2248 -7.83624
2249 -7.84075
2250 -7.84526
2251 -7.84977
2252 -7.85429
2253 -7.8588
2254 -7.86331
2255 -7.86782
2256 -7.87233
2257 -7.87684
2258 -7.88135
2259 -7.88586
2260 -7.89037
2261 -7.89488
2262 -7.89939
2263 -7.9039
2264 -7.90841
2265 -7.91292
2266 -7.91743
2267 -7.92194
2268 -7.92645
2269 -7.93096
2270 -7.93547
2271 -7.93998
2272 -7.94449
2273 -7.949
2274 -7.95351
2275 -7.95802
2276 -7.96253
2277 -7.96704
2278 -7.97155
2279 -7.97606
2280 -7.98057
2281 -7.98508
2282 -7.98959
2283 -7.9941
2284 -7.99861
2285 -8.00312
2286 -8.00763
2287 -8.01214
2288 -8.01665
2289 -8.02116
2290 -8.02567
2291 -8.03018
2292 -8.03469
2293 -8.0392
2294 -8.04371
2295 -8.04822
2296 -8.05273
2297 -8.05724
2298 -8.06175
2299 -8.06626
2300 -8.07077
2301 -8.07528
2302 -8.07979
2303 -8.0843
2304 -8.08881
2305 -8.09332
2306 -8.09783
2307 -8.10234
2308 -8.10685
2309 -8.11136
2310 -8.11587
2311 -8.12038
2312 -8.12489
2313 -8.1294
2314 -8.13391
2315 -8.13842
2316 -8.14293
2317 -8.14745
2318 -8.15196
2319 -8.15647
2320 -8.16098
2321 -8.16549
2322 -8.17
2323 -8.17451
2324 -8.17902
2325 -8.18353
2326 -8.18804
2327 -8.19255
2328 -8.19706
2329 -8.20157
2330 -8.20608
2331 -8.21059
2332 -8.2151
2333 -8.21961
2334 -8.22412
2335 -8.22863
2336 -8.23314
2337 -8.23765
2338 -8.24216
2339 -8.24667
2340 -8.25118
2341 -8.25569
2342 -8.2602
2343 -8.26471
2344 -8.26922
2345 -8.27373
2346 -8.27824
2347 -8.28275
2348 -8.28726
2349 -8.29177
2350 -8.29628
2351 -8.30079
2352 -8.3053
2353 -8.30981
2354 -8.31432
2355 -8.31883
2356 -8.32334
2357 -8.32785
2358 -8.33236
2359 -8.33687
2360 -8.34138
2361 -8.34589
2362 -8.3504
2363 -8.35491
2364 -8.35942
2365 -8.36393
2366 -8.36844
2367 -8.37295
2368 -8.37746
2369 -8.38197
2370 -8.38648
2371 -8.39099
2372 -8.3955
2373 -8.40001
2374 -8.40452
2375 -8.40903
2376 -8.41354
2377 -8.41805
2378 -8.42256
2379 -8.42707
2380 -8.43158
2381 -8.4361
2382 -8.44061
2383 -8.44512
2384 -8.44963
2385 -8.45414
2386 -8.45865
2387 -8.46316
2388 -8.46767
2389 -8.47218
2390 -8.47669
2391 -8.4812
2392 -8.48571
2393 -8.49022
2394 -8.49473
2395 -8.49924
2396 -8.50375
2397 -8.50826
2398 -8.51277
2399 -8.51728
2400 -8.52179
2401 -8.5263
2402 -8.53081
2403 -8.53532
2404 -8.53983
2405 -8.54434
2406 -8.54885
2407 -8.55336
2408 -8.55787
2409 -8.56238
2410 -8.56689
2411 -8.5714
2412 -8.57591
2413 -8.58042
2414 -8.58493
2415 -8.58944
2416 -8.59395
2417 -8.59846
2418 -8.60297
2419 -8.60748
2420 -8.61199
2421 -8.6165
2422 -8.62101
2423 -8.62552
2424 -8.63003
2425 -8.63454
2426 -8.63905
2427 -8.64356
2428 -8.64807
2429 -8.65258
2430 -8.65709
2431 -8.6616
2432 -8.66611
2433 -8.67062
2434 -8.67513
2435 -8.67964
2436 -8.68415
2437 -8.68866
2438 -8.69317
2439 -8.69768
2440 -8.70219
2441 -8.7067
2442 -8.71121
2443 -8.71572
2444 -8.72023
2445 -8.72475
2446 -8.72926
2447 -8.73377
2448 -8.73828
2449 -8.74279
2450 -8.7473
2451 -8.75181
2452 -8.75632
2453 -8.76083
2454 -8.76534
2455 -8.76985
2456 -8.77436
2457 -8.77887
2458 -8.78338
2459 -8.78789
2460 -8.7924
2461 -8.79691
2462 -8.80142
2463 -8.80593
2464 -8.81044
2465 -8.81495
2466 -8.81946
2467 -8.82397
2468 -8.82848
2469 -8.83299
2470 -8.8375
2471 -8.84201
2472 -8.84652
2473 -8.85103
2474 -8.85554
2475 -8.86005
2476 -8.86456
2477 -8.86907
2478 -8.87358
2479 -8.87809
2480 -8.8826
2481 -8.88711
2482 -8.89162
2483 -8.89613
2484 -8.90064
2485 -8.90515
2486 -8.90966
2487 -8.91417
2488 -8.91868
2489 -8.92319
2490 -8.9277
2491 -8.93221
2492 -8.93672
2493 -8.94123
2494 -8.94574
2495 -8.95025
2496 -8.95476
2497 -8.95927
2498 -8.96378
2499 -8.96829
2500 -8.9728
2501 -8.97731
2502 -8.98182
2503 -8.98633
2504 -8.99084
2505 -8.99535
2506 -8.99986
2507 -9.00437
2508 -9.00888
2509 -9.0134
2510 -9.01791
2511 -9.02242
2512 -9.02693
2513 -9.03144
2514 -9.03595
2515 -9.04046
2516 -9.04497
2517 -9.04948
2518 -9.05399
2519 -9.0585
2520 -9.06301
2521 -9.06752
2522 -9.07203
2523 -9.07654
2524 -9.08105
2525 -9.08556
2526 -9.09007
2527 -9.09458
2528 -9.09909
2529 -9.1036
2530 -9.10811
2531 -9.11262
2532 -9.11713
2533 -9.12164
2534 -9.12615
2535 -9.13066
2536 -9.13517
2537 -9.13968
2538 -9.14419
2539 -9.1487
2540 -9.15321
2541 -9.15772
2542 -9.16223
2543 -9.16674
2544 -9.17125
2545 -9.17576
2546 -9.18027
2547 -9.18478
2548 -9.18929
2549 -9.1938
2550 -9.19831
2551 -9.20282
2552 -9.20733
2553 -9.21184
2554 -9.21635
2555 -9.22086
2556 -9.22537
2557 -9.22988
2558 -9.23439
2559 -9.2389
2560 -9.24341
2561 -9.24792
2562 -9.25243
2563 -9.25694
2564 -9.26145
2565 -9.26596
2566 -9.27047
2567 -9.27498
2568 -9.27949
2569 -9.284
2570 -9.28851
2571 -9.29302
2572 -9.29753
2573 -9.30204
2574 -9.30656
2575 -9.31107
2576 -9.31558
2577 -9.32009
2578 -9.3246
2579 -9.32911
2580 -9.33362
2581 -9.33813
2582 -9.34264
2583 -9.34715
2584 -9.35166
2585 -9.35617
2586 -9.36068
2587 -9.36519
2588 -9.3697
2589 -9.37421
2590 -9.37872
2591 -9.38323
2592 -9.38774
2593 -9.39225
2594 -9.39676
2595 -9.40127
2596 -9.40578
2597 -9.41029
2598 -9.4148
2599 -9.41931
2600 -9.42382
2601 -9.42833
2602 -9.43284
2603 -9.43735
2604 -9.44186
2605 -9.44637
2606 -9.45088
2607 -9.45539
2608 -9.4599
2609 -9.46441
2610 -9.46892
2611 -9.47343
2612 -9.47794
2613 -9.48245
2614 -9.48696
2615 -9.49147
2616 -9.49598
2617 -9.50049
2618 -9.505
2619 -9.50951
2620 -9.51402
2621 -9.51853
2622 -9.52304
2623 -9.52755
2624 -9.53206
2625 -9.53657
2626 -9.54108
2627 -9.54559
2628 -9.5501
2629 -9.55461
2630 -9.55912
2631 -9.56363
2632 -9.56814
2633 -9.57265
2634 -9.57716
2635 -9.58167
2636 -9.58618
2637 -9.59069
2638 -9.59521
2639 -9.59972
2640 -9.60423
2641 -9.60874
2642 -9.61325
2643 -9.61776
2644 -9.62227
2645 -9.62678
2646 -9.63129
2647 -9.6358
2648 -9.64031
2649 -9.64482
2650 -9.64933
2651 -9.65384
2652 -9.65835
2653 -9.66286
2654 -9.66737
2655 -9.67188
2656 -9.67639
2657 -9.6809
2658 -9.68541
2659 -9.68992
2660 -9.69443
2661 -9.69894
2662 -9.70345
2663 -9.70796
2664 -9.71247
2665 -9.71698
2666 -9.72149
2667 -9.726
2668 -9.73051
2669 -9.73502
2670 -9.73953
2671 -9.74404
2672 -9.74855
2673 -9.75306
2674 -9.75757
2675 -9.76208
2676 -9.76659
2677 -9.7711
2678 -9.77561
2679 -9.78012
2680 -9.78463
2681 -9.78914
2682 -9.79365
2683 -9.79816
2684 -9.80267
2685 -9.80718
2686 -9.81169
2687 -9.8162
2688 -9.82071
2689 -9.82522
2690 -9.82973
2691 -9.83424
2692 -9.83875
2693 -9.84326
2694 -9.84777
2695 -9.85228
2696 -9.85679
2697 -9.8613
2698 -9.86581
2699 -9.87032
2700 -9.87483
2701 -9.87934
2702 -9.88386
2703 -9.88837
2704 -9.89288
2705 -9.89739
2706 -9.9019
2707 -9.90641
2708 -9.91092
2709 -9.91543
2710 -9.91994
2711 -9.92445
2712 -9.92896
2713 -9.93347
2714 -9.93798
2715 -9.94249
2716 -9.947
2717 -9.95151
2718 -9.95602
2719 -9.96053
2720 -9.96504
2721 -9.96955
2722 -9.97406
2723 -9.97857
2724 -9.98308
2725 -9.98759
2726 -9.9921
2727 -9.99661
2728 -10.0011
2729 -10.0056
2730 -10.0101
2731 -10.0146
2732 -10.0192
2733 -10.0237
2734 -10.0282
2735 -10.0327
2736 -10.0372
2737 -10.0417
2738 -10.0462
2739 -10.0507
2740 -10.0552
2741 -10.0598
2742 -10.0643
2743 -10.0688
2744 -10.0733
2745 -10.0778
2746 -10.0823
2747 -10.0868
2748 -10.0913
2749 -10.0958
2750 -10.1003
2751 -10.1049
2752 -10.1094
2753 -10.1139
2754 -10.1184
2755 -10.1229
2756 -10.1274
2757 -10.1319
2758 -10.1364
2759 -10.1409
2760 -10.1454
2761 -10.15
2762 -10.1545
2763 -10.159
2764 -10.1635
2765 -10.168
2766 -10.1725
2767 -10.177
2768 -10.1815
2769 -10.186
2770 -10.1905
2771 -10.1951
2772 -10.1996
2773 -10.2041
2774 -10.2086
2775 -10.2131
2776 -10.2176
2777 -10.2221
2778 -10.2266
2779 -10.2311
2780 -10.2356
2781 -10.2402
2782 -10.2447
2783 -10.2492
2784 -10.2537
2785 -10.2582
2786 -10.2627
2787 -10.2672
2788 -10.2717
2789 -10.2762
2790 -10.2807
2791 -10.2853
2792 -10.2898
2793 -10.2943
2794 -10.2988
2795 -10.3033
2796 -10.3078
2797 -10.3123
2798 -10.3168
2799 -10.3213
2800 -10.3259
2801 -10.3304
2802 -10.3349
2803 -10.3394
2804 -10.3439
2805 -10.3484
2806 -10.3529
2807 -10.3574
2808 -10.3619
2809 -10.3664
2810 -10.371
2811 -10.3755
2812 -10.38
2813 -10.3845
2814 -10.389
2815 -10.3935
2816 -10.398
2817 -10.4025
2818 -10.407
2819 -10.4115
2820 -10.4161
2821 -10.4206
2822 -10.4251
2823 -10.4296
2824 -10.4341
2825 -10.4386
2826 -10.4431
2827 -10.4476
2828 -10.4521
2829 -10.4566
2830 -10.4612
2831 -10.4657
2832 -10.4702
2833 -10.4747
2834 -10.4792
2835 -10.4837
2836 -10.4882
2837 -10.4927
2838 -10.4972
2839 -10.5017
2840 -10.5063
2841 -10.5108
2842 -10.5153
2843 -10.5198
2844 -10.5243
2845 -10.5288
2846 -10.5333
2847 -10.5378
2848 -10.5423
2849 -10.5468
2850 -10.5514
2851 -10.5559
2852 -10.5604
2853 -10.5649
2854 -10.5694
2855 -10.5739
2856 -10.5784
2857 -10.5829
2858 -10.5874
2859 -10.5919
2860 -10.5965
2861 -10.601
2862 -10.6055
2863 -10.61
2864 -10.6145
2865 -10.619
2866 -10.6235
2867 -10.628
2868 -10.6325
2869 -10.6371
2870 -10.6416
2871 -10.6461
2872 -10.6506
2873 -10.6551
2874 -10.6596
2875 -10.6641
2876 -10.6686
2877 -10.6731
2878 -10.6776
2879 -10.6822
2880 -10.6867
2881 -10.6912
2882 -10.6957
2883 -10.7002
2884 -10.7047
2885 -10.7092
2886 -10.7137
2887 -10.7182
2888 -10.7227
2889 -10.7273
2890 -10.7318
2891 -10.7363
2892 -10.7408
2893 -10.7453
2894 -10.7498
2895 -10.7543
2896 -10.7588
2897 -10.7633
2898 -10.7678
2899 -10.7724
2900 -10.7769
2901 -10.7814
2902 -10.7859
2903 -10.7904
2904 -10.7949
2905 -10.7994
2906 -10.8039
2907 -10.8084
2908 -10.8129
2909 -10.8175
2910 -10.822
2911 -10.8265
2912 -10.831
2913 -10.8355
2914 -10.84
2915 -10.8445
2916 -10.849
2917 -10.8535
2918 -10.858
2919 -10.8626
2920 -10.8671
2921 -10.8716
2922 -10.8761
2923 -10.8806
2924 -10.8851
2925 -10.8896
2926 -10.8941
2927 -10.8986
2928 -10.9032
2929 -10.9077
2930 -10.9122
2931 -10.9167
2932 -10.9212
2933 -10.9257
2934 -10.9302
2935 -10.9347
2936 -10.9392
2937 -10.9437
2938 -10.9483
2939 -10.9528
2940 -10.9573
2941 -10.9618
2942 -10.9663
2943 -10.9708
2944 -10.9753
2945 -10.9798
2946 -10.9843
2947 -10.9888
2948 -10.9934
2949 -10.9979
2950 -11.0024
2951 -11.0069
2952 -11.0114
2953 -11.0159
2954 -11.0204
2955 -11.0249
2956 -11.0294
2957 -11.0339
2958 -11.0385
2959 -11.043
2960 -11.0475
2961 -11.052
2962 -11.0565
2963 -11.061
2964 -11.0655
2965 -11.07
2966 -11.0745
2967 -11.079
2968 -11.0836
2969 -11.0881
2970 -11.0926
2971 -11.0971
2972 -11.1016
2973 -11.1061
2974 -11.1106
2975 -11.1151
2976 -11.1196
2977 -11.1241
2978 -11.1287
2979 -11.1332
2980 -11.1377
2981 -11.1422
2982 -11.1467
2983 -11.1512
2984 -11.1557
2985 -11.1602
2986 -11.1647
2987 -11.1692
2988 -11.1738
2989 -11.1783
2990 -11.1828
2991 -11.1873
2992 -11.1918
2993 -11.1963
2994 -11.2008
2995 -11.2053
2996 -11.2098
2997 -11.2144
2998 -11.2189
2999 -11.2234
3000 -11.2279
3001 -11.2324
3002 -11.2369
3003 -11.2414
3004 -11.2459
3005 -11.2504
3006 -11.2549
3007 -11.2595
3008 -11.264
3009 -11.2685
3010 -11.273
3011 -11.2775
3012 -11.282
3013 -11.2865
3014 -11.291
3015 -11.2955
3016 -11.3
3017 -11.3046
3018 -11.3091
3019 -11.3136
3020 -11.3181
3021 -11.3226
3022 -11.3271
3023 -11.3316
3024 -11.3361
3025 -11.3406
3026 -11.3451
3027 -11.3497
3028 -11.3542
3029 -11.3587
3030 -11.3632
3031 -11.3677
3032 -11.3722
3033 -11.3767
3034 -11.3812
3035 -11.3857
3036 -11.3902
3037 -11.3948
3038 -11.3993
3039 -11.4038
3040 -11.4083
3041 -11.4128
3042 -11.4173
3043 -11.4218
3044 -11.4263
3045 -11.4308
3046 -11.4353
3047 -11.4399
3048 -11.4444
3049 -11.4489
3050 -11.4534
3051 -11.4579
3052 -11.4624
3053 -11.4669
3054 -11.4714
3055 -11.4759
3056 -11.4805
3057 -11.485
3058 -11.4895
3059 -11.494
3060 -11.4985
3061 -11.503
3062 -11.5075
3063 -11.512
3064 -11.5165
3065 -11.521
3066 -11.5256
3067 -11.5301
3068 -11.5346
3069 -11.5391
3070 -11.5436
3071 -11.5481
3072 -11.5526
3073 -11.5571
3074 -11.5616
3075 -11.5661
3076 -11.5707
3077 -11.5752
3078 -11.5797
3079 -11.5842
3080 -11.5887
3081 -11.5932
3082 -11.5977
3083 -11.6022
3084 -11.6067
3085 -11.6112
3086 -11.6158
3087 -11.6203
3088 -11.6248
3089 -11.6293
3090 -11.6338
3091 -11.6383
3092 -11.6428
3093 -11.6473
3094 -11.6518
3095 -11.6563
3096 -11.6609
3097 -11.6654
3098 -11.6699
3099 -11.6744
3100 -11.6789
3101 -11.6834
3102 -11.6879
3103 -11.6924
3104 -11.6969
3105 -11.7014
3106 -11.706
3107 -11.7105
3108 -11.715
3109 -11.7195
3110 -11.724
3111 -11.7285
3112 -11.733
3113 -11.7375
3114 -11.742
3115 -11.7465
3116 -11.7511
3117 -11.7556
3118 -11.7601
3119 -11.7646
3120 -11.7691
3121 -11.7736
3122 -11.7781
3123 -11.7826
3124 -11.7871
3125 -11.7917
3126 -11.7962
3127 -11.8007
3128 -11.8052
3129 -11.8097
3130 -11.8142
3131 -11.8187
3132 -11.8232
3133 -11.8277
3134 -11.8322
3135 -11.8368
3136 -11.8413
3137 -11.8458
3138 -11.8503
3139 -11.8548
3140 -11.8593
3141 -11.8638
3142 -11.8683
3143 -11.8728
3144 -11.8773
3145 -11.8819
3146 -11.8864
3147 -11.8909
3148 -11.8954
3149 -11.8999
3150 -11.9044
3151 -11.9089
3152 -11.9134
3153 -11.9179
3154 -11.9224
3155 -11.927
3156 -11.9315
3157 -11.936
3158 -11.9405
3159 -11.945
3160 -11.9495
3161 -11.954
3162 -11.9585
3163 -11.963
3164 -11.9675
3165 -11.9721
3166 -11.9766
3167 -11.9811
3168 -11.9856
3169 -11.9901
3170 -11.9946
3171 -11.9991
3172 -12.0036
3173 -12.0081
3174 -12.0126
3175 -12.0172
3176 -12.0217
3177 -12.0262
3178 -12.0307
3179 -12.0352
3180 -12.0397
3181 -12.0442
3182 -12.0487
3183 -12.0532
3184 -12.0577
3185 -12.0623
3186 -12.0668
3187 -12.0713
3188 -12.0758
3189 -12.0803
3190 -12.0848
3191 -12.0893
3192 -12.0938
3193 -12.0983
3194 -12.1029
3195 -12.1074
3196 -12.1119
3197 -12.1164
3198 -12.1209
3199 -12.1254
3200 -12.1299
3201 -12.1344
3202 -12.1389
3203 -12.1434
3204 -12.148
3205 -12.1525
3206 -12.157
3207 -12.1615
3208 -12.166
3209 -12.1705
3210 -12.175
3211 -12.1795
3212 -12.184
3213 -12.1885
3214 -12.1931
3215 -12.1976
3216 -12.2021
3217 -12.2066
3218 -12.2111
3219 -12.2156
3220 -12.2201
3221 -12.2246
3222 -12.2291
3223 -12.2336
3224 -12.2382
3225 -12.2427
3226 -12.2472
3227 -12.2517
3228 -12.2562
3229 -12.2607
3230 -12.2652
3231 -12.2697
3232 -12.2742
3233 -12.2787
3234 -12.2833
3235 -12.2878
3236 -12.2923
3237 -12.2968
3238 -12.3013
3239 -12.3058
3240 -12.3103
3241 -12.3148
3242 -12.3193
3243 -12.3238
3244 -12.3284
3245 -12.3329
3246 -12.3374
3247 -12.3419
3248 -12.3464
3249 -12.3509
3250 -12.3554
3251 -12.3599
3252 -12.3644
3253 -12.369
3254 -12.3735
3255 -12.378
3256 -12.3825
3257 -12.387
3258 -12.3915
3259 -12.396
3260 -12.4005
3261 -12.405
3262 -12.4095
3263 -12.4141
3264 -12.4186
3265 -12.4231
3266 -12.4276
3267 -12.4321
3268 -12.4366
3269 -12.4411
3270 -12.4456
3271 -12.4501
3272 -12.4546
3273 -12.4592
3274 -12.4637
3275 -12.4682
3276 -12.4727
3277 -12.4772
3278 -12.4817
3279 -12.4862
3280 -12.4907
3281 -12.4952
3282 -12.4997
3283 -12.5043
3284 -12.5088
3285 -12.5133
3286 -12.5178
3287 -12.5223
3288 -12.5268
3289 -12.5313
3290 -12.5358
3291 -12.5403
3292 -12.5448
3293 -12.5494
3294 -12.5539
3295 -12.5584
3296 -12.5629
3297 -12.5674
3298 -12.5719
3299 -12.5764
3300 -12.5809
3301 -12.5854
3302 -12.5899
3303 -12.5945
3304 -12.599
3305 -12.6035
3306 -12.608
3307 -12.6125
3308 -12.617
3309 -12.6215
3310 -12.626
3311 -12.6305
3312 -12.635
3313 -12.6396
3314 -12.6441
3315 -12.6486
3316 -12.6531
3317 -12.6576
3318 -12.6621
3319 -12.6666
3320 -12.6711
3321 -12.6756
3322 -12.6802
3323 -12.6847
3324 -12.6892
3325 -12.6937
3326 -12.6982
3327 -12.7027
3328 -12.7072
3329 -12.7117
3330 -12.7162
3331 -12.7207
3332 -12.7253
3333 -12.7298
3334 -12.7343
3335 -12.7388
3336 -12.7433
3337 -12.7478
3338 -12.7523
3339 -12.7568
3340 -12.7613
3341 -12.7658
3342 -12.7704
3343 -12.7749
3344 -12.7794
3345 -12.7839
3346 -12.7884
3347 -12.7929
3348 -12.7974
3349 -12.8019
3350 -12.8064
3351 -12.8109
3352 -12.8155
3353 -12.82
3354 -12.8245
3355 -12.829
3356 -12.8335
3357 -12.838
3358 -12.8425
3359 -12.847
3360 -12.8515
3361 -12.856
3362 -12.8606
3363 -12.8651
3364 -12.8696
3365 -12.8741
3366 -12.8786
3367 -12.8831
3368 -12.8876
3369 -12.8921
3370 -12.8966
3371 -12.9011
3372 -12.9057
3373 -12.9102
3374 -12.9147
3375 -12.9192
3376 -12.9237
3377 -12.9282
3378 -12.9327
3379 -12.9372
3380 -12.9417
3381 -12.9463
3382 -12.9508
3383 -12.9553
3384 -12.9598
3385 -12.9643
3386 -12.9688
3387 -12.9733
3388 -12.9778
3389 -12.9823
3390 -12.9868
3391 -12.9914
3392 -12.9959
3393 -13.0004
3394 -13.0049
3395 -13.0094
3396 -13.0139
3397 -13.0184
3398 -13.0229
3399 -13.0274
3400 -13.0319
3401 -13.0365
3402 -13.041
3403 -13.0455
3404 -13.05
3405 -13.0545
3406 -13.059
3407 -13.0635
3408 -13.068
3409 -13.0725
3410 -13.077
3411 -13.0816
3412 -13.0861
3413 -13.0906
3414 -13.0951
3415 -13.0996
3416 -13.1041
3417 -13.1086
3418 -13.1131
3419 -13.1176
3420 -13.1221
3421 -13.1267
3422 -13.1312
3423 -13.1357
3424 -13.1402
3425 -13.1447
3426 -13.1492
3427 -13.1537
3428 -13.1582
3429 -13.1627
3430 -13.1672
3431 -13.1718
3432 -13.1763
3433 -13.1808
3434 -13.1853
3435 -13.1898
3436 -13.1943
3437 -13.1988
3438 -13.2033
3439 -13.2078
3440 -13.2123
3441 -13.2169
3442 -13.2214
3443 -13.2259
3444 -13.2304
3445 -13.2349
3446 -13.2394
3447 -13.2439
3448 -13.2484
3449 -13.2529
3450 -13.2575
3451 -13.262
3452 -13.2665
3453 -13.271
3454 -13.2755
3455 -13.28
3456 -13.2845
3457 -13.289
3458 -13.2935
3459 -13.298
3460 -13.3026
3461 -13.3071
3462 -13.3116
3463 -13.3161
3464 -13.3206
3465 -13.3251
3466 -13.3296
3467 -13.3341
3468 -13.3386
3469 -13.3431
3470 -13.3477
3471 -13.3522
3472 -13.3567
3473 -13.3612
3474 -13.3657
3475 -13.3702
3476 -13.3747
3477 -13.3792
3478 -13.3837
3479 -13.3882
3480 -13.3928
3481 -13.3973
3482 -13.4018
3483 -13.4063
3484 -13.4108
3485 -13.4153
3486 -13.4198
3487 -13.4243
3488 -13.4288
3489 -13.4333
3490 -13.4379
3491 -13.4424
3492 -13.4469
3493 -13.4514
3494 -13.4559
3495 -13.4604
3496 -13.4649
3497 -13.4694
3498 -13.4739
3499 -13.4784
3500 -13.483
3501 -13.4875
3502 -13.492
3503 -13.4965
3504 -13.501
3505 -13.5055
3506 -13.51
3507 -13.5145
3508 -13.519
3509 -13.5236
3510 -13.5281
3511 -13.5326
3512 -13.5371
3513 -13.5416
3514 -13.5461
3515 -13.5506
3516 -13.5551
3517 -13.5596
3518 -13.5641
3519 -13.5687
3520 -13.5732
3521 -13.5777
3522 -13.5822
3523 -13.5867
3524 -13.5912
3525 -13.5957
3526 -13.6002
3527 -13.6047
3528 -13.6092
3529 -13.6138
3530 -13.6183
3531 -13.6228
3532 -13.6273
3533 -13.6318
3534 -13.6363
3535 -13.6408
3536 -13.6453
3537 -13.6498
3538 -13.6543
3539 -13.6589
3540 -13.6634
3541 -13.6679
3542 -13.6724
3543 -13.6769
3544 -13.6814
3545 -13.6859
3546 -13.6904
3547 -13.6949
3548 -13.6994
3549 -13.704
3550 -13.7085
3551 -13.713
3552 -13.7175
3553 -13.722
3554 -13.7265
3555 -13.731
3556 -13.7355
3557 -13.74
3558 -13.7445
3559 -13.7491
3560 -13.7536
3561 -13.7581
3562 -13.7626
3563 -13.7671
3564 -13.7716
3565 -13.7761
3566 -13.7806
3567 -13.7851
3568 -13.7896
3569 -13.7942
3570 -13.7987
3571 -13.8032
3572 -13.8077
3573 -13.8122
3574 -13.8167
3575 -13.8212
3576 -13.8257
3577 -13.8302
3578 -13.8348
3579 -13.8393
3580 -13.8438
3581 -13.8483
3582 -13.8528
3583 -13.8573
3584 -13.8618
3585 -13.8663
3586 -13.8708
3587 -13.8753
3588 -13.8799
3589 -13.8844
3590 -13.8889
3591 -13.8934
3592 -13.8979
3593 -13.9024
3594 -13.9069
3595 -13.9114
3596 -13.9159
3597 -13.9204
3598 -13.925
3599 -13.9295
3600 -13.934
3601 -13.9385
3602 -13.943
3603 -13.9475
3604 -13.952
3605 -13.9565
3606 -13.961
3607 -13.9655
3608 -13.9701
3609 -13.9746
3610 -13.9791
3611 -13.9836
3612 -13.9881
3613 -13.9926
3614 -13.9971
3615 -14.0016
3616 -14.0061
3617 -14.0106
3618 -14.0152
3619 -14.0197
3620 -14.0242
3621 -14.0287
3622 -14.0332
3623 -14.0377
3624 -14.0422
3625 -14.0467
3626 -14.0512
3627 -14.0557
3628 -14.0603
3629 -14.0648
3630 -14.0693
3631 -14.0738
3632 -14.0783
3633 -14.0828
3634 -14.0873
3635 -14.0918
3636 -14.0963
3637 -14.1009
3638 -14.1054
3639 -14.1099
3640 -14.1144
3641 -14.1189
3642 -14.1234
3643 -14.1279
3644 -14.1324
3645 -14.1369
3646 -14.1414
3647 -14.146
3648 -14.1505
3649 -14.155
3650 -14.1595
3651 -14.164
3652 -14.1685
3653 -14.173
3654 -14.1775
3655 -14.182
3656 -14.1865
3657 -14.1911
3658 -14.1956
3659 -14.2001
3660 -14.2046
3661 -14.2091
3662 -14.2136
3663 -14.2181
3664 -14.2226
3665 -14.2271
3666 -14.2316
3667 -14.2362
3668 -14.2407
3669 -14.2452
3670 -14.2497
3671 -14.2542
3672 -14.2587
3673 -14.2632
3674 -14.2677
3675 -14.2722
3676 -14.2767
3677 -14.2813
3678 -14.2858
3679 -14.2903
3680 -14.2948
3681 -14.2993
3682 -14.3038
3683 -14.3083
3684 -14.3128
3685 -14.3173
3686 -14.3218
3687 -14.3264
3688 -14.3309
3689 -14.3354
3690 -14.3399
3691 -14.3444
3692 -14.3489
3693 -14.3534
3694 -14.3579
3695 -14.3624
3696 -14.3669
3697 -14.3715
3698 -14.376
3699 -14.3805
3700 -14.385
3701 -14.3895
3702 -14.394
3703 -14.3985
3704 -14.403
3705 -14.4075
3706 -14.4121
3707 -14.4166
3708 -14.4211
3709 -14.4256
3710 -14.4301
3711 -14.4346
3712 -14.4391
3713 -14.4436
3714 -14.4481
3715 -14.4526
3716 -14.4572
3717 -14.4617
3718 -14.4662
3719 -14.4707
3720 -14.4752
3721 -14.4797
3722 -14.4842
3723 -14.4887
3724 -14.4932
3725 -14.4977
3726 -14.5023
3727 -14.5068
3728 -14.5113
3729 -14.5158
3730 -14.5203
3731 -14.5248
3732 -14.5293
3733 -14.5338
3734 -14.5383
3735 -14.5428
3736 -14.5474
3737 -14.5519
3738 -14.5564
3739 -14.5609
3740 -14.5654
3741 -14.5699
3742 -14.5744
3743 -14.5789
3744 -14.5834
3745 -14.5879
3746 -14.5925
3747 -14.597
3748 -14.6015
3749 -14.606
3750 -14.6105
3751 -14.615
3752 -14.6195
3753 -14.624
3754 -14.6285
3755 -14.633
3756 -14.6376
3757 -14.6421
3758 -14.6466
3759 -14.6511
3760 -14.6556
3761 -14.6601
3762 -14.6646
3763 -14.6691
3764 -14.6736
3765 -14.6782
3766 -14.6827
3767 -14.6872
3768 -14.6917
3769 -14.6962
3770 -14.7007
3771 -14.7052
3772 -14.7097
3773 -14.7142
3774 -14.7187
3775 -14.7233
3776 -14.7278
3777 -14.7323
3778 -14.7368
3779 -14.7413
3780 -14.7458
3781 -14.7503
3782 -14.7548
3783 -14.7593
3784 -14.7638
3785 -14.7684
3786 -14.7729
3787 -14.7774
3788 -14.7819
3789 -14.7864
3790 -14.7909
3791 -14.7954
3792 -14.7999
3793 -14.8044
3794 -14.8089
3795 -14.8135
3796 -14.818
3797 -14.8225
3798 -14.827
3799 -14.8315
3800 -14.836
3801 -14.8405
3802 -14.845
3803 -14.8495
3804 -14.854
3805 -14.8586
3806 -14.8631
3807 -14.8676
3808 -14.8721
3809 -14.8766
3810 -14.8811
3811 -14.8856
3812 -14.8901
3813 -14.8946
3814 -14.8991
3815 -14.9037
3816 -14.9082
3817 -14.9127
3818 -14.9172
3819 -14.9217
3820 -14.9262
3821 -14.9307
3822 -14.9352
3823 -14.9397
3824 -14.9442
3825 -14.9488
3826 -14.9533
3827 -14.9578
3828 -14.9623
3829 -14.9668
3830 -14.9713
3831 -14.9758
3832 -14.9803
3833 -14.9848
3834 -14.9894
3835 -14.9939
3836 -14.9984
3837 -15.0029
3838 -15.0074
3839 -15.0119
3840 -15.0164
3841 -15.0209
3842 -15.0254
3843 -15.0299
3844 -15.0345
3845 -15.039
3846 -15.0435
3847 -15.048
3848 -15.0525
3849 -15.057
3850 -15.0615
3851 -15.066
3852 -15.0705
3853 -15.075
3854 -15.0796
3855 -15.0841
3856 -15.0886
3857 -15.0931
3858 -15.0976
3859 -15.1021
3860 -15.1066
3861 -15.1111
3862 -15.1156
3863 -15.1201
3864 -15.1247
3865 -15.1292
3866 -15.1337
3867 -15.1382
3868 -15.1427
3869 -15.1472
3870 -15.1517
3871 -15.1562
3872 -15.1607
3873 -15.1652
3874 -15.1698
3875 -15.1743
3876 -15.1788
3877 -15.1833
3878 -15.1878
3879 -15.1923
3880 -15.1968
3881 -15.2013
3882 -15.2058
3883 -15.2103
3884 -15.2149
3885 -15.2194
3886 -15.2239
3887 -15.2284
3888 -15.2329
3889 -15.2374
3890 -15.2419
3891 -15.2464
3892 -15.2509
3893 -15.2555
3894 -15.26
3895 -15.2645
3896 -15.269
3897 -15.2735
3898 -15.278
3899 -15.2825
3900 -15.287
3901 -15.2915
3902 -15.296
3903 -15.3006
3904 -15.3051
3905 -15.3096
3906 -15.3141
3907 -15.3186
3908 -15.3231
3909 -15.3276
3910 -15.3321
3911 -15.3366
3912 -15.3411
3913 -15.3457
3914 -15.3502
3915 -15.3547
3916 -15.3592
3917 -15.3637
3918 -15.3682
3919 -15.3727
3920 -15.3772
3921 -15.3817
3922 -15.3862
3923 -15.3908
3924 -15.3953
3925 -15.3998
3926 -15.4043
3927 -15.4088
3928 -15.4133
3929 -15.4178
3930 -15.4223
3931 -15.4268
3932 -15.4313
3933 -15.4359
3934 -15.4404
3935 -15.4449
3936 -15.4494
3937 -15.4539
3938 -15.4584
3939 -15.4629
3940 -15.4674
3941 -15.4719
3942 -15.4764
3943 -15.481
3944 -15.4855
3945 -15.49
3946 -15.4945
3947 -15.499
3948 -15.5035
3949 -15.508
3950 -15.5125
3951 -15.517
3952 -15.5215
3953 -15.5261
3954 -15.5306
3955 -15.5351
3956 -15.5396
3957 -15.5441
3958 -15.5486
3959 -15.5531
3960 -15.5576
3961 -15.5621
3962 -15.5667
3963 -15.5712
3964 -15.5757
3965 -15.5802
3966 -15.5847
3967 -15.5892
3968 -15.5937
3969 -15.5982
3970 -15.6027
3971 -15.6072
3972 -15.6118
3973 -15.6163
3974 -15.6208
3975 -15.6253
3976 -15.6298
3977 -15.6343
3978 -15.6388
3979 -15.6433
3980 -15.6478
3981 -15.6523
3982 -15.6569
3983 -15.6614
3984 -15.6659
3985 -15.6704
3986 -15.6749
3987 -15.6794
3988 -15.6839
3989 -15.6884
3990 -15.6929
3991 -15.6974
3992 -15.702
3993 -15.7065
3994 -15.711
3995 -15.7155
3996 -15.72
3997 -15.7245
3998 -15.729
3999 -15.7335
4000 -15.738
4001 -15.7425
4002 -15.7471
4003 -15.7516
4004 -15.7561
4005 -15.7606
4006 -15.7651
4007 -15.7696
4008 -15.7741
4009 -15.7786
4010 -15.7831
4011 -15.7876
4012 -15.7922
4013 -15.7967
4014 -15.8012
4015 -15.8057
4016 -15.8102
4017 -15.8147
4018 -15.8192
4019 -15.8237
4020 -15.8282
4021 -15.8328
4022 -15.8373
4023 -15.8418
4024 -15.8463
4025 -15.8508
4026 -15.8553
4027 -15.8598
4028 -15.8643
4029 -15.8688
4030 -15.8733
4031 -15.8779
4032 -15.8824
4033 -15.8869
4034 -15.8914
4035 -15.8959
4036 -15.9004
4037 -15.9049
4038 -15.9094
4039 -15.9139
4040 -15.9184
4041 -15.923
4042 -15.9275
4043 -15.932
4044 -15.9365
4045 -15.941
4046 -15.9455
4047 -15.95
4048 -15.9545
4049 -15.959
4050 -15.9635
4051 -15.9681
4052 -15.9726
4053 -15.9771
4054 -15.9816
4055 -15.9861
4056 -15.9906
4057 -15.9951
4058 -15.9996
4059 -16.0041
4060 -16.0086
4061 -16.0132
4062 -16.0177
4063 -16.0222
4064 -16.0267
4065 -16.0312
4066 -16.0357
4067 -16.0402
4068 -16.0447
4069 -16.0492
4070 -16.0537
4071 -16.0583
4072 -16.0628
4073 -16.0673
4074 -16.0718
4075 -16.0763
4076 -16.0808
4077 -16.0853
4078 -16.0898
4079 -16.0943
4080 -16.0988
4081 -16.1034
4082 -16.1079
4083 -16.1124
4084 -16.1169
4085 -16.1214
4086 -16.1259
4087 -16.1304
4088 -16.1349
4089 -16.1394
4090 -16.144
4091 -16.1485
4092 -16.153
4093 -16.1575
4094 -16.162
4095 -16.1665
4096 -16.171
4097 -16.1755
4098 -16.18
4099 -16.1845
4100 -16.1891
4101 -16.1936
4102 -16.1981
4103 -16.2026
4104 -16.2071
4105 -16.2116
4106 -16.2161
4107 -16.2206
4108 -16.2251
4109 -16.2296
4110 -16.2342
4111 -16.2387
4112 -16.2432
4113 -16.2477
4114 -16.2522
4115 -16.2567
4116 -16.2612
4117 -16.2657
4118 -16.2702
4119 -16.2747
4120 -16.2793
4121 -16.2838
4122 -16.2883
4123 -16.2928
4124 -16.2973
4125 -16.3018
4126 -16.3063
4127 -16.3108
4128 -16.3153
4129 -16.3198
4130 -16.3244
4131 -16.3289
4132 -16.3334
4133 -16.3379
4134 -16.3424
4135 -16.3469
4136 -16.3514
4137 -16.3559
4138 -16.3604
4139 -16.3649
4140 -16.3695
4141 -16.374
4142 -16.3785
4143 -16.383
4144 -16.3875
4145 -16.392
4146 -16.3965
4147 -16.401
4148 -16.4055
4149 -16.4101
4150 -16.4146
4151 -16.4191
4152 -16.4236
4153 -16.4281
4154 -16.4326
4155 -16.4371
4156 -16.4416
4157 -16.4461
4158 -16.4506
4159 -16.4552
4160 -16.4597
4161 -16.4642
4162 -16.4687
4163 -16.4732
4164 -16.4777
4165 -16.4822
4166 -16.4867
4167 -16.4912
4168 -16.4957
4169 -16.5003
4170 -16.5048
4171 -16.5093
4172 -16.5138
4173 -16.5183
4174 -16.5228
4175 -16.5273
4176 -16.5318
4177 -16.5363
4178 -16.5408
4179 -16.5454
4180 -16.5499
4181 -16.5544
4182 -16.5589
4183 -16.5634
4184 -16.5679
4185 -16.5724
4186 -16.5769
4187 -16.5814
4188 -16.5859
4189 -16.5905
4190 -16.595
4191 -16.5995
4192 -16.604
4193 -16.6085
4194 -16.613
4195 -16.6175
4196 -16.622
4197 -16.6265
4198 -16.631
4199 -16.6356
4200 -16.6401
4201 -16.6446
4202 -16.6491
4203 -16.6536
4204 -16.6581
4205 -16.6626
4206 -16.6671
4207 -16.6716
4208 -16.6761
4209 -16.6807
4210 -16.6852
4211 -16.6897
4212 -16.6942
4213 -16.6987
4214 -16.7032
4215 -16.7077
4216 -16.7122
4217 -16.7167
4218 -16.7213
4219 -16.7258
4220 -16.7303
4221 -16.7348
4222 -16.7393
4223 -16.7438
4224 -16.7483
4225 -16.7528
4226 -16.7573
4227 -16.7618
4228 -16.7664
4229 -16.7709
4230 -16.7754
4231 -16.7799
4232 -16.7844
4233 -16.7889
4234 -16.7934
4235 -16.7979
4236 -16.8024
4237 -16.8069
4238 -16.8115
4239 -16.816
4240 -16.8205
4241 -16.825
4242 -16.8295
4243 -16.834
4244 -16.8385
4245 -16.843
4246 -16.8475
4247 -16.852
4248 -16.8566
4249 -16.8611
4250 -16.8656
4251 -16.8701
4252 -16.8746
4253 -16.8791
4254 -16.8836
4255 -16.8881
4256 -16.8926
4257 -16.8971
4258 -16.9017
4259 -16.9062
4260 -16.9107
4261 -16.9152
4262 -16.9197
4263 -16.9242
4264 -16.9287
4265 -16.9332
4266 -16.9377
4267 -16.9422
4268 -16.9468
4269 -16.9513
4270 -16.9558
4271 -16.9603
4272 -16.9648
4273 -16.9693
4274 -16.9738
4275 -16.9783
4276 -16.9828
4277 -16.9873
4278 -16.9919
4279 -16.9964
4280 -17.0009
4281 -17.0054
4282 -17.0099
4283 -17.0144
4284 -17.0189
4285 -17.0234
4286 -17.0279
4287 -17.0325
4288 -17.037
4289 -17.0415
4290 -17.046
4291 -17.0505
4292 -17.055
4293 -17.0595
4294 -17.064
4295 -17.0685
4296 -17.073
4297 -17.0776
4298 -17.0821
4299 -17.0866
4300 -17.0911
4301 -17.0956
4302 -17.1001
4303 -17.1046
4304 -17.1091
4305 -17.1136
4306 -17.1181
4307 -17.1227
4308 -17.1272
4309 -17.1317
4310 -17.1362
4311 -17.1407
4312 -17.1452
4313 -17.1497
4314 -17.1542
4315 -17.1587
4316 -17.1632
4317 -17.1678
4318 -17.1723
4319 -17.1768
4320 -17.1813
4321 -17.1858
4322 -17.1903
4323 -17.1948
4324 -17.1993
4325 -17.2038
4326 -17.2083
4327 -17.2129
4328 -17.2174
4329 -17.2219
4330 -17.2264
4331 -17.2309
4332 -17.2354
4333 -17.2399
4334 -17.2444
4335 -17.2489
4336 -17.2534
4337 -17.258
4338 -17.2625
4339 -17.267
4340 -17.2715
4341 -17.276
4342 -17.2805
4343 -17.285
4344 -17.2895
4345 -17.294
4346 -17.2986
4347 -17.3031
4348 -17.3076
4349 -17.3121
4350 -17.3166
4351 -17.3211
4352 -17.3256
4353 -17.3301
4354 -17.3346
4355 -17.3391
4356 -17.3437
4357 -17.3482
4358 -17.3527
4359 -17.3572
4360 -17.3617
4361 -17.3662
4362 -17.3707
4363 -17.3752
4364 -17.3797
4365 -17.3842
4366 -17.3888
4367 -17.3933
4368 -17.3978
4369 -17.4023
4370 -17.4068
4371 -17.4113
4372 -17.4158
4373 -17.4203
4374 -17.4248
4375 -17.4293
4376 -17.4339
4377 -17.4384
4378 -17.4429
4379 -17.4474
4380 -17.4519
4381 -17.4564
4382 -17.4609
4383 -17.4654
4384 -17.4699
4385 -17.4744
4386 -17.479
4387 -17.4835
4388 -17.488
4389 -17.4925
4390 -17.497
4391 -17.5015
4392 -17.506
4393 -17.5105
4394 -17.515
4395 -17.5195
4396 -17.5241
4397 -17.5286
4398 -17.5331
4399 -17.5376
4400 -17.5421
4401 -17.5466
4402 -17.5511
4403 -17.5556
4404 -17.5601
4405 -17.5646
4406 -17.5692
4407 -17.5737
4408 -17.5782
4409 -17.5827
4410 -17.5872
4411 -17.5917
4412 -17.5962
4413 -17.6007
4414 -17.6052
4415 -17.6098
4416 -17.6143
4417 -17.6188
4418 -17.6233
4419 -17.6278
4420 -17.6323
4421 -17.6368
4422 -17.6413
4423 -17.6458
4424 -17.6503
4425 -17.6549
4426 -17.6594
4427 -17.6639
4428 -17.6684
4429 -17.6729
4430 -17.6774
4431 -17.6819
4432 -17.6864
4433 -17.6909
4434 -17.6954
4435 -17.7
4436 -17.7045
4437 -17.709
4438 -17.7135
4439 -17.718
4440 -17.7225
4441 -17.727
4442 -17.7315
4443 -17.736
4444 -17.7405
4445 -17.7451
4446 -17.7496
4447 -17.7541
4448 -17.7586
4449 -17.7631
4450 -17.7676
4451 -17.7721
4452 -17.7766
4453 -17.7811
4454 -17.7856
4455 -17.7902
4456 -17.7947
4457 -17.7992
4458 -17.8037
4459 -17.8082
4460 -17.8127
4461 -17.8172
4462 -17.8217
4463 -17.8262
4464 -17.8307
4465 -17.8353
4466 -17.8398
4467 -17.8443
4468 -17.8488
4469 -17.8533
4470 -17.8578
4471 -17.8623
4472 -17.8668
4473 -17.8713
4474 -17.8759
4475 -17.8804
4476 -17.8849
4477 -17.8894
4478 -17.8939
4479 -17.8984
4480 -17.9029
4481 -17.9074
4482 -17.9119
4483 -17.9164
4484 -17.921
4485 -17.9255
4486 -17.93
4487 -17.9345
4488 -17.939
4489 -17.9435
4490 -17.948
4491 -17.9525
4492 -17.957
4493 -17.9615
4494 -17.9661
4495 -17.9706
4496 -17.9751
4497 -17.9796
4498 -17.9841
4499 -17.9886
4500 -17.9931
4501 -17.9976
4502 -18.0021
4503 -18.0066
4504 -18.0112
4505 -18.0157
4506 -18.0202
4507 -18.0247
4508 -18.0292
4509 -18.0337
4510 -18.0382
4511 -18.0427
4512 -18.0472
4513 -18.0517
4514 -18.0563
4515 -18.0608
4516 -18.0653
4517 -18.0698
4518 -18.0743
4519 -18.0788
4520 -18.0833
4521 -18.0878
4522 -18.0923
4523 -18.0968
4524 -18.1014
4525 -18.1059
4526 -18.1104
4527 -18.1149
4528 -18.1194
4529 -18.1239
4530 -18.1284
4531 -18.1329
4532 -18.1374
4533 -18.1419
4534 -18.1465
4535 -18.151
4536 -18.1555
4537 -18.16
4538 -18.1645
4539 -18.169
4540 -18.1735
4541 -18.178
4542 -18.1825
4543 -18.1871
4544 -18.1916
4545 -18.1961
4546 -18.2006
4547 -18.2051
4548 -18.2096
4549 -18.2141
4550 -18.2186
4551 -18.2231
4552 -18.2276
4553 -18.2322
4554 -18.2367
4555 -18.2412
4556 -18.2457
4557 -18.2502
4558 -18.2547
4559 -18.2592
4560 -18.2637
4561 -18.2682
4562 -18.2727
4563 -18.2773
4564 -18.2818
4565 -18.2863
4566 -18.2908
4567 -18.2953
4568 -18.2998
4569 -18.3043
4570 -18.3088
4571 -18.3133
4572 -18.3178
4573 -18.3224
4574 -18.3269
4575 -18.3314
4576 -18.3359
4577 -18.3404
4578 -18.3449
4579 -18.3494
4580 -18.3539
4581 -18.3584
4582 -18.3629
4583 -18.3675
4584 -18.372
4585 -18.3765
4586 -18.381
4587 -18.3855
4588 -18.39
4589 -18.3945
4590 -18.399
4591 -18.4035
4592 -18.408
4593 -18.4126
4594 -18.4171
4595 -18.4216
4596 -18.4261
4597 -18.4306
4598 -18.4351
4599 -18.4396
4600 -18.4441
4601 -18.4486
4602 -18.4532
4603 -18.4577
4604 -18.4622
4605 -18.4667
4606 -18.4712
4607 -18.4757
4608 -18.4802
4609 -18.4847
4610 -18.4892
4611 -18.4937
4612 -18.4983
4613 -18.5028
4614 -18.5073
4615 -18.5118
4616 -18.5163
4617 -18.5208
4618 -18.5253
4619 -18.5298
4620 -18.5343
4621 -18.5388
4622 -18.5434
4623 -18.5479
4624 -18.5524
4625 -18.5569
4626 -18.5614
4627 -18.5659
4628 -18.5704
4629 -18.5749
4630 -18.5794
4631 -18.5839
4632 -18.5885
4633 -18.593
4634 -18.5975
4635 -18.602
4636 -18.6065
4637 -18.611
4638 -18.6155
4639 -18.62
4640 -18.6245
4641 -18.629
4642 -18.6336
4643 -18.6381
4644 -18.6426
4645 -18.6471
4646 -18.6516
4647 -18.6561
4648 -18.6606
4649 -18.6651
4650 -18.6696
4651 -18.6741
4652 -18.6787
4653 -18.6832
4654 -18.6877
4655 -18.6922
4656 -18.6967
4657 -18.7012
4658 -18.7057
4659 -18.7102
4660 -18.7147
4661 -18.7192
4662 -18.7238
4663 -18.7283
4664 -18.7328
4665 -18.7373
4666 -18.7418
4667 -18.7463
4668 -18.7508
4669 -18.7553
4670 -18.7598
4671 -18.7644
4672 -18.7689
4673 -18.7734
4674 -18.7779
4675 -18.7824
4676 -18.7869
4677 -18.7914
4678 -18.7959
4679 -18.8004
4680 -18.8049
4681 -18.8095
4682 -18.814
4683 -18.8185
4684 -18.823
4685 -18.8275
4686 -18.832
4687 -18.8365
4688 -18.841
4689 -18.8455
4690 -18.85
4691 -18.8546
4692 -18.8591
4693 -18.8636
4694 -18.8681
4695 -18.8726
4696 -18.8771
4697 -18.8816
4698 -18.8861
4699 -18.8906
4700 -18.8951
4701 -18.8997
4702 -18.9042
4703 -18.9087
4704 -18.9132
4705 -18.9177
4706 -18.9222
4707 -18.9267
4708 -18.9312
4709 -18.9357
4710 -18.9402
4711 -18.9448
4712 -18.9493
4713 -18.9538
4714 -18.9583
4715 -18.9628
4716 -18.9673
4717 -18.9718
4718 -18.9763
4719 -18.9808
4720 -18.9853
4721 -18.9899
4722 -18.9944
4723 -18.9989
4724 -19.0034
4725 -19.0079
4726 -19.0124
4727 -19.0169
4728 -19.0214
4729 -19.0259
4730 -19.0305
4731 -19.035
4732 -19.0395
4733 -19.044
4734 -19.0485
4735 -19.053
4736 -19.0575
4737 -19.062
4738 -19.0665
4739 -19.071
4740 -19.0756
4741 -19.0801
4742 -19.0846
4743 -19.0891
4744 -19.0936
4745 -19.0981
4746 -19.1026
4747 -19.1071
4748 -19.1116
4749 -19.1161
4750 -19.1207
4751 -19.1252
4752 -19.1297
4753 -19.1342
4754 -19.1387
4755 -19.1432
4756 -19.1477
4757 -19.1522
4758 -19.1567
4759 -19.1612
4760 -19.1658
4761 -19.1703
4762 -19.1748
4763 -19.1793
4764 -19.1838
4765 -19.1883
4766 -19.1928
4767 -19.1973
4768 -19.2018
4769 -19.2063
4770 -19.2109
4771 -19.2154
4772 -19.2199
4773 -19.2244
4774 -19.2289
4775 -19.2334
4776 -19.2379
4777 -19.2424
4778 -19.2469
4779 -19.2514
4780 -19.256
4781 -19.2605
4782 -19.265
4783 -19.2695
4784 -19.274
4785 -19.2785
4786 -19.283
4787 -19.2875
4788 -19.292
4789 -19.2965
4790 -19.3011
4791 -19.3056
4792 -19.3101
4793 -19.3146
4794 -19.3191
4795 -19.3236
4796 -19.3281
4797 -19.3326
4798 -19.3371
4799 -19.3417
4800 -19.3462
4801 -19.3507
4802 -19.3552
4803 -19.3597
4804 -19.3642
4805 -19.3687
4806 -19.3732
4807 -19.3777
4808 -19.3822
4809 -19.3868
4810 -19.3913
4811 -19.3958
4812 -19.4003
4813 -19.4048
4814 -19.4093
4815 -19.4138
4816 -19.4183
4817 -19.4228
4818 -19.4273
4819 -19.4319
4820 -19.4364
4821 -19.4409
4822 -19.4454
4823 -19.4499
4824 -19.4544
4825 -19.4589
4826 -19.4634
4827 -19.4679
4828 -19.4724
4829 -19.477
4830 -19.4815
4831 -19.486
4832 -19.4905
4833 -19.495
4834 -19.4995
4835 -19.504
4836 -19.5085
4837 -19.513
4838 -19.5175
4839 -19.5221
4840 -19.5266
4841 -19.5311
4842 -19.5356
4843 -19.5401
4844 -19.5446
4845 -19.5491
4846 -19.5536
4847 -19.5581
4848 -19.5626
4849 -19.5672
4850 -19.5717
4851 -19.5762
4852 -19.5807
4853 -19.5852
4854 -19.5897
4855 -19.5942
4856 -19.5987
4857 -19.6032
4858 -19.6077
4859 -19.6123
4860 -19.6168
4861 -19.6213
4862 -19.6258
4863 -19.6303
4864 -19.6348
4865 -19.6393
4866 -19.6438
4867 -19.6483
4868 -19.6529
4869 -19.6574
4870 -19.6619
4871 -19.6664
4872 -19.6709
4873 -19.6754
4874 -19.6799
4875 -19.6844
4876 -19.6889
4877 -19.6934
4878 -19.698
4879 -19.7025
4880 -19.707
4881 -19.7115
4882 -19.716
4883 -19.7205
4884 -19.725
4885 -19.7295
4886 -19.734
4887 -19.7385
4888 -19.7431
4889 -19.7476
4890 -19.7521
4891 -19.7566
4892 -19.7611
4893 -19.7656
4894 -19.7701
4895 -19.7746
4896 -19.7791
4897 -19.7836
4898 -19.7882
4899 -19.7927
4900 -19.7972
4901 -19.8017
4902 -19.8062
4903 -19.8107
4904 -19.8152
4905 -19.8197
4906 -19.8242
4907 -19.8287
4908 -19.8333
4909 -19.8378
4910 -19.8423
4911 -19.8468
4912 -19.8513
4913 -19.8558
4914 -19.8603
4915 -19.8648
4916 -19.8693
4917 -19.8738
4918 -19.8784
4919 -19.8829
4920 -19.8874
4921 -19.8919
4922 -19.8964
4923 -19.9009
4924 -19.9054
4925 -19.9099
4926 -19.9144
4927 -19.9189
4928 -19.9235
4929 -19.928
4930 -19.9325
4931 -19.937
4932 -19.9415
4933 -19.946
4934 -19.9505
4935 -19.955
4936 -19.9595
4937 -19.964
4938 -19.9686
4939 -19.9731
4940 -19.9776
4941 -19.9821
4942 -19.9866
4943 -19.9911
4944 -19.9956
4945 -20.0001
4946 -20.0046
4947 -20.0091
4948 -20.0137
4949 -20.0182
4950 -20.0227
4951 -20.0272
4952 -20.0317
4953 -20.0362
4954 -20.0407
4955 -20.0452
4956 -20.0497
4957 -20.0543
4958 -20.0588
4959 -20.0633
4960 -20.0678
4961 -20.0723
4962 -20.0768
4963 -20.0813
4964 -20.0858
4965 -20.0903
4966 -20.0948
4967 -20.0994
4968 -20.1039
4969 -20.1084
4970 -20.1129
4971 -20.1174
4972 -20.1219
4973 -20.1264
4974 -20.1309
4975 -20.1354
4976 -20.1399
4977 -20.1445
4978 -20.149
4979 -20.1535
4980 -20.158
4981 -20.1625
4982 -20.167
4983 -20.1715
4984 -20.176
4985 -20.1805
4986 -20.185
4987 -20.1896
4988 -20.1941
4989 -20.1986
4990 -20.2031
4991 -20.2076
4992 -20.2121
4993 -20.2166
4994 -20.2211
4995 -20.2256
4996 -20.2301
4997 -20.2347
4998 -20.2392
4999 -20.2437
5000 -20.2482
5001 -20.2527
5002 -20.2572
5003 -20.2617
5004 -20.2662
5005 -20.2707
5006 -20.2753
5007 -20.2798
5008 -20.2843
5009 -20.2888
5010 -20.2933
5011 -20.2978
5012 -20.3023
5013 -20.3068
5014 -20.3113
5015 -20.3158
5016 -20.3204
5017 -20.3249
5018 -20.3294
5019 -20.3339
5020 -20.3384
5021 -20.3429
5022 -20.3474
5023 -20.3519
5024 -20.3564
5025 -20.3609
5026 -20.3655
5027 -20.37
5028 -20.3745
5029 -20.379
5030 -20.3835
5031 -20.388
5032 -20.3925
5033 -20.397
5034 -20.4015
5035 -20.406
5036 -20.4106
5037 -20.4151
5038 -20.4196
5039 -20.4241
5040 -20.4286
5041 -20.4331
5042 -20.4376
5043 -20.4421
5044 -20.4466
5045 -20.4511
5046 -20.4557
5047 -20.4602
5048 -20.4647
5049 -20.4692
5050 -20.4737
5051 -20.4782
5052 -20.4827
5053 -20.4872
5054 -20.4917
5055 -20.4962
5056 -20.5008
5057 -20.5053
5058 -20.5098
5059 -20.5143
5060 -20.5188
5061 -20.5233
5062 -20.5278
5063 -20.5323
5064 -20.5368
5065 -20.5414
5066 -20.5459
5067 -20.5504
5068 -20.5549
5069 -20.5594
5070 -20.5639
5071 -20.5684
5072 -20.5729
5073 -20.5774
5074 -20.5819
5075 -20.5865
5076 -20.591
5077 -20.5955
5078 -20.6
5079 -20.6045
5080 -20.609
5081 -20.6135
5082 -20.618
5083 -20.6225
5084 -20.627
5085 -20.6316
5086 -20.6361
5087 -20.6406
5088 -20.6451
5089 -20.6496
5090 -20.6541
5091 -20.6586
5092 -20.6631
5093 -20.6676
5094 -20.6721
5095 -20.6767
5096 -20.6812
5097 -20.6857
5098 -20.6902
5099 -20.6947
5100 -20.6992
5101 -20.7037
5102 -20.7082
5103 -20.7127
5104 -20.7172
5105 -20.7218
5106 -20.7263
5107 -20.7308
5108 -20.7353
5109 -20.7398
5110 -20.7443
5111 -20.7488
5112 -20.7533
5113 -20.7578
5114 -20.7624
5115 -20.7669
5116 -20.7714
5117 -20.7759
5118 -20.7804
5119 -20.7849
5120 -20.7894
5121 -20.7939
5122 -20.7984
5123 -20.8029
5124 -20.8075
5125 -20.812
5126 -20.8165
5127 -20.821
5128 -20.8255
5129 -20.83
5130 -20.8345
5131 -20.839
5132 -20.8435
5133 -20.848
5134 -20.8526
5135 -20.8571
5136 -20.8616
5137 -20.8661
5138 -20.8706
5139 -20.8751
5140 -20.8796
5141 -20.8841
5142 -20.8886
5143 -20.8931
5144 -20.8977
5145 -20.9022
5146 -20.9067
5147 -20.9112
5148 -20.9157
5149 -20.9202
5150 -20.9247
5151 -20.9292
5152 -20.9337
5153 -20.9382
5154 -20.9428
5155 -20.9473
5156 -20.9518
5157 -20.9563
5158 -20.9608
5159 -20.9653
5160 -20.9698
5161 -20.9743
5162 -20.9788
5163 -20.9833
5164 -20.9879
5165 -20.9924
5166 -20.9969
5167 -21.0014
5168 -21.0059
5169 -21.0104
5170 -21.0149
5171 -21.0194
5172 -21.0239
5173 -21.0284
5174 -21.033
5175 -21.0375
5176 -21.042
5177 -21.0465
5178 -21.051
5179 -21.0555
5180 -21.06
5181 -21.0645
5182 -21.069
5183 -21.0736
5184 -21.0781
5185 -21.0826
5186 -21.0871
5187 -21.0916
5188 -21.0961
5189 -21.1006
5190 -21.1051
5191 -21.1096
5192 -21.1141
5193 -21.1187
5194 -21.1232
5195 -21.1277
5196 -21.1322
5197 -21.1367
5198 -21.1412
5199 -21.1457
5200 -21.1502
5201 -21.1547
5202 -21.1593
5203 -21.1638
5204 -21.1683
5205 -21.1728
5206 -21.1773
5207 -21.1818
5208 -21.1863
5209 -21.1908
5210 -21.1953
5211 -21.1998
5212 -21.2044
5213 -21.2089
5214 -21.2134
5215 -21.2179
5216 -21.2224
5217 -21.2269
5218 -21.2314
5219 -21.2359
5220 -21.2404
5221 -21.2449
5222 -21.2495
5223 -21.254
5224 -21.2585
5225 -21.263
5226 -21.2675
5227 -21.272
5228 -21.2765
5229 -21.281
5230 -21.2855
5231 -21.29
5232 -21.2946
5233 -21.2991
5234 -21.3036
5235 -21.3081
5236 -21.3126
5237 -21.3171
5238 -21.3216
5239 -21.3261
5240 -21.3306
5241 -21.3351
5242 -21.3397
5243 -21.3442
5244 -21.3487
5245 -21.3532
5246 -21.3577
5247 -21.3622
5248 -21.3667
5249 -21.3712
5250 -21.3757
5251 -21.3802
5252 -21.3848
5253 -21.3893
5254 -21.3938
5255 -21.3983
5256 -21.4028
5257 -21.4073
5258 -21.4118
5259 -21.4163
5260 -21.4208
5261 -21.4253
5262 -21.4299
5263 -21.4344
5264 -21.4389
5265 -21.4434
5266 -21.4479
5267 -21.4524
5268 -21.4569
5269 -21.4614
5270 -21.4659
5271 -21.4704
5272 -21.475
5273 -21.4795
5274 -21.484
5275 -21.4885
5276 -21.493
5277 -21.4975
5278 -21.502
5279 -21.5065
5280 -21.511
5281 -21.5155
5282 -21.5201
5283 -21.5246
5284 -21.5291
5285 -21.5336
5286 -21.5381
5287 -21.5426
5288 -21.5471
5289 -21.5516
5290 -21.5561
5291 -21.5606
5292 -21.5652
5293 -21.5697
5294 -21.5742
5295 -21.5787
5296 -21.5832
5297 -21.5877
5298 -21.5922
5299 -21.5967
5300 -21.6012
5301 -21.6058
5302 -21.6103
5303 -21.6148
5304 -21.6193
5305 -21.6238
5306 -21.6283
5307 -21.6328
5308 -21.6373
5309 -21.6418
5310 -21.6463
5311 -21.6509
5312 -21.6554
5313 -21.6599
5314 -21.6644
5315 -21.6689
5316 -21.6734
5317 -21.6779
5318 -21.6824
5319 -21.6869
5320 -21.6914
5321 -21.696
5322 -21.7005
5323 -21.705
5324 -21.7095
5325 -21.714
5326 -21.7185
5327 -21.723
5328 -21.7275
5329 -21.732
5330 -21.7366
5331 -21.7411
5332 -21.7456
5333 -21.7501
5334 -21.7546
5335 -21.7591
5336 -21.7636
5337 -21.7681
5338 -21.7726
5339 -21.7771
5340 -21.7817
5341 -21.7862
5342 -21.7907
5343 -21.7952
5344 -21.7997
5345 -21.8042
5346 -21.8087
5347 -21.8132
5348 -21.8177
5349 -21.8222
5350 -21.8268
5351 -21.8313
5352 -21.8358
5353 -21.8403
5354 -21.8448
5355 -21.8493
5356 -21.8538
5357 -21.8583
5358 -21.8628
5359 -21.8673
5360 -21.8719
5361 -21.8764
5362 -21.8809
5363 -21.8854
5364 -21.8899
5365 -21.8944
5366 -21.8989
5367 -21.9034
5368 -21.9079
5369 -21.9124
5370 -21.917
5371 -21.9215
5372 -21.926
5373 -21.9305
5374 -21.935
5375 -21.9395
5376 -21.944
5377 -21.9485
5378 -21.953
5379 -21.9575
5380 -21.9621
5381 -21.9666
5382 -21.9711
5383 -21.9756
5384 -21.9801
5385 -21.9846
5386 -21.9891
5387 -21.9936
5388 -21.9981
5389 -22.0027
5390 -22.0072
5391 -22.0117
5392 -22.0162
5393 -22.0207
5394 -22.0252
5395 -22.0297
5396 -22.0342
5397 -22.0387
5398 -22.0433
5399 -22.0478
5400 -22.0523
5401 -22.0568
5402 -22.0613
5403 -22.0658
5404 -22.0703
5405 -22.0748
5406 -22.0793
5407 -22.0838
5408 -22.0884
5409 -22.0929
5410 -22.0974
5411 -22.1019
5412 -22.1064
5413 -22.1109
5414 -22.1154
5415 -22.1199
5416 -22.1244
5417 -22.1289
5418 -22.1335
5419 -22.138
5420 -22.1425
5421 -22.147
5422 -22.1515
5423 -22.156
5424 -22.1605
5425 -22.165
5426 -22.1695
5427 -22.174
5428 -22.1786
5429 -22.1831
5430 -22.1876
5431 -22.1921
5432 -22.1966
5433 -22.2011
5434 -22.2056
5435 -22.2101
5436 -22.2146
5437 -22.2192
5438 -22.2237
5439 -22.2282
5440 -22.2327
5441 -22.2372
5442 -22.2417
5443 -22.2462
5444 -22.2507
5445 -22.2552
5446 -22.2598
5447 -22.2643
5448 -22.2688
5449 -22.2733
5450 -22.2778
5451 -22.2823
5452 -22.2868
5453 -22.2913
5454 -22.2958
5455 -22.3004
5456 -22.3049
5457 -22.3094
5458 -22.3139
5459 -22.3184
5460 -22.3229
5461 -22.3274
5462 -22.3319
5463 -22.3364
5464 -22.3409
5465 -22.3454
5466 -22.35
5467 -22.3545
5468 -22.359
5469 -22.3635
5470 -22.368
5471 -22.3725
5472 -22.377
5473 -22.3815
5474 -22.3861
5475 -22.3906
5476 -22.3951
5477 -22.3996
5478 -22.4041
5479 -22.4086
5480 -22.4131
5481 -22.4176
5482 -22.4221
5483 -22.4266
5484 -22.4311
5485 -22.4356
5486 -22.4401
5487 -22.4446
5488 -22.4492
5489 -22.4537
5490 -22.4582
5491 -22.4627
5492 -22.4672
5493 -22.4717
5494 -22.4762
5495 -22.4807
5496 -22.4852
5497 -22.4898
5498 -22.4943
5499 -22.4988
5500 -22.5033
5501 -22.5078
5502 -22.5123
5503 -22.5168
5504 -22.5213
5505 -22.5258
5506 -22.5303
5507 -22.5349
5508 -22.5394
5509 -22.5439
5510 -22.5484
5511 -22.5529
5512 -22.5574
5513 -22.5619
5514 -22.5664
5515 -22.5709
5516 -22.5754
5517 -22.58
5518 -22.5845
5519 -22.589
5520 -22.5935
5521 -22.598
5522 -22.6025
5523 -22.607
5524 -22.6115
5525 -22.616
5526 -22.6205
5527 -22.6251
5528 -22.6296
5529 -22.6341
5530 -22.6386
5531 -22.6431
5532 -22.6476
5533 -22.6521
5534 -22.6566
5535 -22.6611
5536 -22.6657
5537 -22.6702
5538 -22.6747
5539 -22.6792
5540 -22.6837
5541 -22.6882
5542 -22.6927
5543 -22.6972
5544 -22.7017
5545 -22.7062
5546 -22.7107
5547 -22.7152
5548 -22.7197
5549 -22.7243
5550 -22.7288
5551 -22.7333
5552 -22.7378
5553 -22.7423
5554 -22.7468
5555 -22.7513
5556 -22.7558
5557 -22.7604
5558 -22.7649
5559 -22.7694
5560 -22.7739
5561 -22.7784
5562 -22.7829
5563 -22.7874
5564 -22.7919
5565 -22.7964
5566 -22.8009
5567 -22.8054
5568 -22.81
5569 -22.8145
5570 -22.819
5571 -22.8235
5572 -22.828
5573 -22.8325
5574 -22.837
5575 -22.8415
5576 -22.846
5577 -22.8505
5578 -22.8551
5579 -22.8596
5580 -22.8641
5581 -22.8686
5582 -22.8731
5583 -22.8776
5584 -22.8821
5585 -22.8866
5586 -22.8911
5587 -22.8956
5588 -22.9002
5589 -22.9047
5590 -22.9092
5591 -22.9137
5592 -22.9182
5593 -22.9227
5594 -22.9272
5595 -22.9317
5596 -22.9362
5597 -22.9407
5598 -22.9453
5599 -22.9498
5600 -22.9543
5601 -22.9588
5602 -22.9633
5603 -22.9678
5604 -22.9723
5605 -22.9768
5606 -22.9813
5607 -22.9858
5608 -22.9903
5609 -22.9949
5610 -22.9994
5611 -23.0039
5612 -23.0084
5613 -23.0129
5614 -23.0174
5615 -23.0219
