0 4.60767
1 4.15148
2 3.92902
3 3.77655
4 3.65935
5 3.5637
6 3.48264
7 3.41215
8 3.34967
9 3.29348
10 3.24237
11 3.19544
12 3.15201
13 3.11156
14 3.07367
15 3.03801
16 3.00431
17 2.97233
18 2.9419
19 2.91286
20 2.88505
21 2.85838
22 2.83274
23 2.80804
24 2.7842
25 2.76115
26 2.73884
27 2.71721
28 2.69621
29 2.67579
30 2.65593
31 2.63658
32 2.61771
33 2.59929
34 2.5813
35 2.56371
36 2.5465
37 2.52965
38 2.51314
39 2.49695
40 2.48107
41 2.46547
42 2.45015
43 2.4351
44 2.4203
45 2.40573
46 2.3914
47 2.37729
48 2.36338
49 2.34968
50 2.33617
51 2.32285
52 2.3097
53 2.29672
54 2.28391
55 2.27126
56 2.25876
57 2.24641
58 2.2342
59 2.22212
60 2.21018
61 2.19837
62 2.18667
63 2.1751
64 2.16365
65 2.1523
66 2.14106
67 2.12993
68 2.1189
69 2.10796
70 2.09712
71 2.08638
72 2.07572
73 2.06515
74 2.05467
75 2.04426
76 2.03394
77 2.0237
78 2.01353
79 2.00343
80 1.9934
81 1.98345
82 1.97356
83 1.96374
84 1.95398
85 1.94428
86 1.93465
87 1.92507
88 1.91555
89 1.90609
90 1.89669
91 1.88734
92 1.87804
93 1.86879
94 1.85959
95 1.85044
96 1.84134
97 1.83228
98 1.82327
99 1.81431
100 1.80538
101 1.7965
102 1.78767
103 1.77887
104 1.77011
105 1.76139
106 1.75271
107 1.74407
108 1.73546
109 1.72689
110 1.71835
111 1.70985
112 1.70138
113 1.69294
114 1.68454
115 1.67616
116 1.66782
117 1.65951
118 1.65123
119 1.64297
120 1.63475
121 1.62655
122 1.61838
123 1.61024
124 1.60212
125 1.59403
126 1.58597
127 1.57792
128 1.56991
129 1.56191
130 1.55394
131 1.546
132 1.53807
133 1.53017
134 1.52229
135 1.51443
136 1.50659
137 1.49878
138 1.49098
139 1.4832
140 1.47544
141 1.4677
142 1.45998
143 1.45228
144 1.4446
145 1.43693
146 1.42928
147 1.42165
148 1.41404
149 1.40644
150 1.39886
151 1.39129
152 1.38374
153 1.37621
154 1.36869
155 1.36118
156 1.35369
157 1.34622
158 1.33876
159 1.33131
160 1.32388
161 1.31646
162 1.30905
163 1.30166
164 1.29427
165 1.28691
166 1.27955
167 1.27221
168 1.26488
169 1.25756
170 1.25025
171 1.24295
172 1.23567
173 1.22839
174 1.22113
175 1.21388
176 1.20663
177 1.1994
178 1.19218
179 1.18497
180 1.17777
181 1.17058
182 1.1634
183 1.15622
184 1.14906
185 1.14191
186 1.13476
187 1.12763
188 1.1205
189 1.11338
190 1.10627
191 1.09917
192 1.09207
193 1.08499
194 1.07791
195 1.07084
196 1.06378
197 1.05672
198 1.04968
199 1.04264
200 1.03561
201 1.02858
202 1.02156
203 1.01455
204 1.00755
205 1.00055
206 0.993559
207 0.986575
208 0.979597
209 0.972625
210 0.96566
211 0.958701
212 0.951748
213 0.944801
214 0.93786
215 0.930925
216 0.923995
217 0.917071
218 0.910153
219 0.90324
220 0.896333
221 0.889431
222 0.882534
223 0.875642
224 0.868756
225 0.861874
226 0.854997
227 0.848126
228 0.841259
229 0.834397
230 0.827539
231 0.820686
232 0.813838
233 0.806994
234 0.800154
235 0.793319
236 0.786488
237 0.779661
238 0.772839
239 0.766021
240 0.759206
241 0.752396
242 0.745589
243 0.738787
244 0.731988
245 0.725193
246 0.718402
247 0.711614
248 0.70483
249 0.69805
250 0.691273
251 0.684499
252 0.677729
253 0.670963
254 0.664199
255 0.657439
256 0.650682
257 0.643929
258 0.637178
259 0.630431
260 0.623686
261 0.616945
262 0.610206
263 0.603471
264 0.596738
265 0.590008
266 0.583281
267 0.576557
268 0.569836
269 0.563117
270 0.556401
271 0.549687
272 0.542976
273 0.536268
274 0.529562
275 0.522858
276 0.516157
277 0.509459
278 0.502762
279 0.496068
280 0.489377
281 0.482688
282 0.476001
283 0.469316
284 0.462633
285 0.455953
286 0.449274
287 0.442598
288 0.435924
289 0.429252
290 0.422581
291 0.415913
292 0.409247
293 0.402583
294 0.39592
295 0.38926
296 0.382601
297 0.375944
298 0.369289
299 0.362636
300 0.355985
301 0.349335
302 0.342687
303 0.33604
304 0.329396
305 0.322753
306 0.316111
307 0.309471
308 0.302833
309 0.296196
310 0.289561
311 0.282927
312 0.276295
313 0.269665
314 0.263035
315 0.256407
316 0.249781
317 0.243156
318 0.236532
319 0.22991
320 0.223289
321 0.216669
322 0.210051
323 0.203434
324 0.196818
325 0.190204
326 0.18359
327 0.176978
328 0.170367
329 0.163758
330 0.157149
331 0.150542
332 0.143936
333 0.13733
334 0.130726
335 0.124124
336 0.117522
337 0.110921
338 0.104321
339 0.0977225
340 0.0911248
341 0.0845281
342 0.0779325
343 0.0713378
344 0.0647441
345 0.0581513
346 0.0515595
347 0.0449686
348 0.0383786
349 0.0317896
350 0.0252014
351 0.0186141
352 0.0120277
353 0.0054421
354 -0.00114261
355 -0.00772649
356 -0.0143095
357 -0.0208918
358 -0.0274732
359 -0.0340539
360 -0.0406337
361 -0.0472128
362 -0.0537912
363 -0.0603688
364 -0.0669456
365 -0.0735217
366 -0.0800971
367 -0.0866718
368 -0.0932457
369 -0.099819
370 -0.106392
371 -0.112964
372 -0.119535
373 -0.126105
374 -0.132675
375 -0.139245
376 -0.145813
377 -0.152381
378 -0.158949
379 -0.165516
380 -0.172082
381 -0.178648
382 -0.185213
383 -0.191777
384 -0.198341
385 -0.204904
386 -0.211467
387 -0.218029
388 -0.224591
389 -0.231152
390 -0.237713
391 -0.244273
392 -0.250833
393 -0.257392
394 -0.263951
395 -0.270509
396 -0.277066
397 -0.283624
398 -0.29018
399 -0.296736
400 -0.303292
401 -0.309848
402 -0.316402
403 -0.322957
404 -0.329511
405 -0.336064
406 -0.342618
407 -0.34917
408 -0.355723
409 -0.362275
410 -0.368826
411 -0.375377
412 -0.381928
413 -0.388478
414 -0.395028
415 -0.401578
416 -0.408127
417 -0.414676
418 -0.421224
419 -0.427773
420 -0.43432
421 -0.440868
422 -0.447415
423 -0.453962
424 -0.460508
425 -0.467054
426 -0.4736
427 -0.480145
428 -0.48669
429 -0.493235
430 -0.49978
431 -0.506324
432 -0.512868
433 -0.519411
434 -0.525955
435 -0.532498
436 -0.53904
437 -0.545583
438 -0.552125
439 -0.558667
440 -0.565208
441 -0.57175
442 -0.578291
443 -0.584832
444 -0.591372
445 -0.597913
446 -0.604453
447 -0.610993
448 -0.617532
449 -0.624071
450 -0.630611
451 -0.637149
452 -0.643688
453 -0.650227
454 -0.656765
455 -0.663303
456 -0.66984
457 -0.676378
458 -0.682915
459 -0.689452
460 -0.695989
461 -0.702526
462 -0.709062
463 -0.715599
464 -0.722135
465 -0.728671
466 -0.735206
467 -0.741742
468 -0.748277
469 -0.754812
470 -0.761347
471 -0.767882
472 -0.774417
473 -0.780951
474 -0.787486
475 -0.79402
476 -0.800554
477 -0.807087
478 -0.813621
479 -0.820154
480 -0.826688
481 -0.833221
482 -0.839754
483 -0.846286
484 -0.852819
485 -0.859352
486 -0.865884
487 -0.872416
488 -0.878948
489 -0.88548
490 -0.892012
491 -0.898544
492 -0.905075
493 -0.911607
494 -0.918138
495 -0.924669
496 -0.9312
497 -0.937731
498 -0.944261
499 -0.950792
500 -0.957323
501 -0.963853
502 -0.970383
503 -0.976913
504 -0.983443
505 -0.989973
506 -0.996503
507 -1.00303
508 -1.00956
509 -1.01609
510 -1.02262
511 -1.02915
512 -1.03568
513 -1.04221
514 -1.04874
515 -1.05527
516 -1.06179
517 -1.06832
518 -1.07485
519 -1.08138
520 -1.08791
521 -1.09444
522 -1.10097
523 -1.10749
524 -1.11402
525 -1.12055
526 -1.12708
527 -1.1336
528 -1.14013
529 -1.14666
530 -1.15319
531 -1.15971
532 -1.16624
533 -1.17277
534 -1.1793
535 -1.18582
536 -1.19235
537 -1.19888
538 -1.2054
539 -1.21193
540 -1.21846
541 -1.22498
542 -1.23151
543 -1.23804
544 -1.24456
545 -1.25109
546 -1.25762
547 -1.26414
548 -1.27067
549 -1.27719
550 -1.28372
551 -1.29025
552 -1.29677
553 -1.3033
554 -1.30982
555 -1.31635
556 -1.32288
557 -1.3294
558 -1.33593
559 -1.34245
560 -1.34898
561 -1.3555
562 -1.36203
563 -1.36855
564 -1.37508
565 -1.3816
566 -1.38813
567 -1.39465
568 -1.40118
569 -1.4077
570 -1.41423
571 -1.42075
572 -1.42728
573 -1.4338
574 -1.44033
575 -1.44685
576 -1.45338
577 -1.4599
578 -1.46643
579 -1.47295
580 -1.47948
581 -1.486
582 -1.49252
583 -1.49905
584 -1.50557
585 -1.5121
586 -1.51862
587 -1.52515
588 -1.53167
589 -1.53819
590 -1.54472
591 -1.55124
592 -1.55777
593 -1.56429
594 -1.57081
595 -1.57734
596 -1.58386
597 -1.59039
598 -1.59691
599 -1.60343
600 -1.60996
601 -1.61648
602 -1.623
603 -1.62953
604 -1.63605
605 -1.64257
606 -1.6491
607 -1.65562
608 -1.66215
609 -1.66867
610 -1.67519
611 -1.68172
612 -1.68824
613 -1.69476
614 -1.70129
615 -1.70781
616 -1.71433
617 -1.72086
618 -1.72738
619 -1.7339
620 -1.74042
621 -1.74695
622 -1.75347
623 -1.75999
624 -1.76652
625 -1.77304
626 -1.77956
627 -1.78609
628 -1.79261
629 -1.79913
630 -1.80565
631 -1.81218
632 -1.8187
633 -1.82522
634 -1.83175
635 -1.83827
636 -1.84479
637 -1.85131
638 -1.85784
639 -1.86436
640 -1.87088
641 -1.8774
642 -1.88393
643 -1.89045
644 -1.89697
645 -1.9035
646 -1.91002
647 -1.91654
648 -1.92306
649 -1.92959
650 -1.93611
651 -1.94263
652 -1.94915
653 -1.95568
654 -1.9622
655 -1.96872
656 -1.97524
657 -1.98177
658 -1.98829
659 -1.99481
660 -2.00133
661 -2.00785
662 -2.01438
663 -2.0209
664 -2.02742
665 -2.03394
666 -2.04047
667 -2.04699
668 -2.05351
669 -2.06003
670 -2.06656
671 -2.07308
672 -2.0796
673 -2.08612
674 -2.09264
675 -2.09917
676 -2.10569
677 -2.11221
678 -2.11873
679 -2.12525
680 -2.13178
681 -2.1383
682 -2.14482
683 -2.15134
684 -2.15786
685 -2.16439
686 -2.17091
687 -2.17743
688 -2.18395
689 -2.19047
690 -2.197
691 -2.20352
692 -2.21004
693 -2.21656
694 -2.22308
695 -2.22961
696 -2.23613
697 -2.24265
698 -2.24917
699 -2.25569
700 -2.26222
701 -2.26874
702 -2.27526
703 -2.28178
704 -2.2883
705 -2.29483
706 -2.30135
707 -2.30787
708 -2.31439
709 -2.32091
710 -2.32743
711 -2.33396
712 -2.34048
713 -2.347
714 -2.35352
715 -2.36004
716 -2.36657
717 -2.37309
718 -2.37961
719 -2.38613
720 -2.39265
721 -2.39917
722 -2.4057
723 -2.41222
724 -2.41874
725 -2.42526
726 -2.43178
727 -2.4383
728 -2.44483
729 -2.45135
730 -2.45787
731 -2.46439
732 -2.47091
733 -2.47743
734 -2.48396
735 -2.49048
736 -2.497
737 -2.50352
738 -2.51004
739 -2.51656
740 -2.52309
741 -2.52961
742 -2.53613
743 -2.54265
744 -2.54917
745 -2.55569
746 -2.56222
747 -2.56874
748 -2.57526
749 -2.58178
750 -2.5883
751 -2.59482
752 -2.60134
753 -2.60787
754 -2.61439
755 -2.62091
756 -2.62743
757 -2.63395
758 -2.64047
759 -2.647
760 -2.65352
761 -2.66004
762 -2.66656
763 -2.67308
764 -2.6796
765 -2.68612
766 -2.69265
767 -2.69917
768 -2.70569
769 -2.71221
770 -2.71873
771 -2.72525
772 -2.73177
773 -2.7383
774 -2.74482
775 -2.75134
776 -2.75786
777 -2.76438
778 -2.7709
779 -2.77742
780 -2.78395
781 -2.79047
782 -2.79699
783 -2.80351
784 -2.81003
785 -2.81655
786 -2.82308
787 -2.8296
788 -2.83612
789 -2.84264
790 -2.84916
791 -2.85568
792 -2.8622
793 -2.86873
794 -2.87525
795 -2.88177
796 -2.88829
797 -2.89481
798 -2.90133
799 -2.90785
800 -2.91437
801 -2.9209
802 -2.92742
803 -2.93394
804 -2.94046
805 -2.94698
806 -2.9535
807 -2.96002
808 -2.96655
809 -2.97307
810 -2.97959
811 -2.98611
812 -2.99263
813 -2.99915
814 -3.00567
815 -3.0122
816 -3.01872
817 -3.02524
818 -3.03176
819 -3.03828
820 -3.0448
821 -3.05132
822 -3.05785
823 -3.06437
824 -3.07089
825 -3.07741
826 -3.08393
827 -3.09045
828 -3.09697
829 -3.10349
830 -3.11002
831 -3.11654
832 -3.12306
833 -3.12958
834 -3.1361
835 -3.14262
836 -3.14914
837 -3.15567
838 -3.16219
839 -3.16871
840 -3.17523
841 -3.18175
842 -3.18827
843 -3.19479
844 -3.20131
845 -3.20784
846 -3.21436
847 -3.22088
848 -3.2274
849 -3.23392
850 -3.24044
851 -3.24696
852 -3.25348
853 -3.26001
854 -3.26653
855 -3.27305
856 -3.27957
857 -3.28609
858 -3.29261
859 -3.29913
860 -3.30566
861 -3.31218
862 -3.3187
863 -3.32522
864 -3.33174
865 -3.33826
866 -3.34478
867 -3.3513
868 -3.35783
869 -3.36435
870 -3.37087
871 -3.37739
872 -3.38391
873 -3.39043
874 -3.39695
875 -3.40347
876 -3.41
877 -3.41652
878 -3.42304
879 -3.42956
880 -3.43608
881 -3.4426
882 -3.44912
883 -3.45564
884 -3.46217
885 -3.46869
886 -3.47521
887 -3.48173
888 -3.48825
889 -3.49477
890 -3.50129
891 -3.50782
892 -3.51434
893 -3.52086
894 -3.52738
895 -3.5339
896 -3.54042
897 -3.54694
898 -3.55346
899 -3.55999
900 -3.56651
901 -3.57303
902 -3.57955
903 -3.58607
904 -3.59259
905 -3.59911
906 -3.60563
907 -3.61216
908 -3.61868
909 -3.6252
910 -3.63172
911 -3.63824
912 -3.64476
913 -3.65128
914 -3.6578
915 -3.66433
916 -3.67085
917 -3.67737
918 -3.68389
919 -3.69041
920 -3.69693
921 -3.70345
922 -3.70997
923 -3.7165
924 -3.72302
925 -3.72954
926 -3.73606
927 -3.74258
928 -3.7491
929 -3.75562
930 -3.76214
931 -3.76867
932 -3.77519
933 -3.78171
934 -3.78823
935 -3.79475
936 -3.80127
937 -3.80779
938 -3.81431
939 -3.82084
940 -3.82736
941 -3.83388
942 -3.8404
943 -3.84692
944 -3.85344
945 -3.85996
946 -3.86648
947 -3.87301
948 -3.87953
949 -3.88605
950 -3.89257
951 -3.89909
952 -3.90561
953 -3.91213
954 -3.91865
955 -3.92518
956 -3.9317
957 -3.93822
958 -3.94474
959 -3.95126
960 -3.95778
961 -3.9643
962 -3.97082
963 -3.97735
964 -3.98387
965 -3.99039
966 -3.99691
967 -4.00343
968 -4.00995
969 -4.01647
970 -4.02299
971 -4.02952
972 -4.03604
973 -4.04256
974 -4.04908
975 -4.0556
976 -4.06212
977 -4.06864
978 -4.07516
979 -4.08169
980 -4.08821
981 -4.09473
982 -4.10125
983 -4.10777
984 -4.11429
985 -4.12081
986 -4.12733
987 -4.13385
988 -4.14038
989 -4.1469
990 -4.15342
991 -4.15994
992 -4.16646
993 -4.17298
994 -4.1795
995 -4.18602
996 -4.19255
997 -4.19907
998 -4.20559
999 -4.21211
1000 -4.21863
1001 -4.22515
1002 -4.23167
1003 -4.23819
1004 -4.24472
1005 -4.25124
1006 -4.25776
1007 -4.26428
1008 -4.2708
1009 -4.27732
1010 -4.28384
1011 -4.29036
1012 -4.29689
1013 -4.30341
1014 -4.30993
1015 -4.31645
1016 -4.32297
1017 -4.32949
1018 -4.33601
1019 -4.34253
1020 -4.34906
1021 -4.35558
1022 -4.3621
1023 -4.36862
1024 -4.37514
1025 -4.38166
1026 -4.38818
1027 -4.3947
1028 -4.40123
1029 -4.40775
1030 -4.41427
1031 -4.42079
1032 -4.42731
1033 -4.43383
1034 -4.44035
1035 -4.44687
1036 -4.4534
1037 -4.45992
1038 -4.46644
1039 -4.47296
1040 -4.47948
1041 -4.486
1042 -4.49252
1043 -4.49904
1044 -4.50556
1045 -4.51209
1046 -4.51861
1047 -4.52513
1048 -4.53165
1049 -4.53817
1050 -4.54469
1051 -4.55121
1052 -4.55773
1053 -4.56426
1054 -4.57078
1055 -4.5773
1056 -4.58382
1057 -4.59034
1058 -4.59686
1059 -4.60338
1060 -4.6099
1061 -4.61643
1062 -4.62295
1063 -4.62947
1064 -4.63599
1065 -4.64251
1066 -4.64903
1067 -4.65555
1068 -4.66207
1069 -4.6686
1070 -4.67512
1071 -4.68164
1072 -4.68816
1073 -4.69468
1074 -4.7012
1075 -4.70772
1076 -4.71424
1077 -4.72077
1078 -4.72729
1079 -4.73381
1080 -4.74033
1081 -4.74685
1082 -4.75337
1083 -4.75989
1084 -4.76641
1085 -4.77294
1086 -4.77946
1087 -4.78598
1088 -4.7925
1089 -4.79902
1090 -4.80554
1091 -4.81206
1092 -4.81858
1093 -4.8251
1094 -4.83163
1095 -4.83815
1096 -4.84467
1097 -4.85119
1098 -4.85771
1099 -4.86423
1100 -4.87075
1101 -4.87727
1102 -4.8838
1103 -4.89032
1104 -4.89684
1105 -4.90336
1106 -4.90988
1107 -4.9164
1108 -4.92292
1109 -4.92944
1110 -4.93597
1111 -4.94249
1112 -4.94901
1113 -4.95553
1114 -4.96205
1115 -4.96857
1116 -4.97509
1117 -4.98161
1118 -4.98814
1119 -4.99466
1120 -5.00118
1121 -5.0077
1122 -5.01422
1123 -5.02074
1124 -5.02726
1125 -5.03378
1126 -5.04031
1127 -5.04683
1128 -5.05335
1129 -5.05987
1130 -5.06639
1131 -5.07291
1132 -5.07943
1133 -5.08595
1134 -5.09247
1135 -5.099
1136 -5.10552
1137 -5.11204
1138 -5.11856
1139 -5.12508
1140 -5.1316
1141 -5.13812
1142 -5.14464
1143 -5.15117
1144 -5.15769
1145 -5.16421
1146 -5.17073
1147 -5.17725
1148 -5.18377
1149 -5.19029
1150 -5.19681
1151 -5.20334
1152 -5.20986
1153 -5.21638
1154 -5.2229
1155 -5.22942
1156 -5.23594
1157 -5.24246
1158 -5.24898
1159 -5.25551
1160 -5.26203
1161 -5.26855
1162 -5.27507
1163 -5.28159
1164 -5.28811
1165 -5.29463
1166 -5.30115
1167 -5.30768
1168 -5.3142
1169 -5.32072
1170 -5.32724
1171 -5.33376
1172 -5.34028
1173 -5.3468
1174 -5.35332
1175 -5.35984
1176 -5.36637
1177 -5.37289
1178 -5.37941
1179 -5.38593
1180 -5.39245
1181 -5.39897
1182 -5.40549
1183 -5.41201
1184 -5.41854
1185 -5.42506
1186 -5.43158
1187 -5.4381
1188 -5.44462
1189 -5.45114
1190 -5.45766
1191 -5.46418
1192 -5.47071
1193 -5.47723
1194 -5.48375
1195 -5.49027
1196 -5.49679
1197 -5.50331
1198 -5.50983
1199 -5.51635
1200 -5.52288
1201 -5.5294
1202 -5.53592
1203 -5.54244
1204 -5.54896
1205 -5.55548
1206 -5.562
1207 -5.56852
1208 -5.57504
1209 -5.58157
1210 -5.58809
1211 -5.59461
1212 -5.60113
1213 -5.60765
1214 -5.61417
1215 -5.62069
1216 -5.62721
1217 -5.63374
1218 -5.64026
1219 -5.64678
1220 -5.6533
1221 -5.65982
1222 -5.66634
1223 -5.67286
1224 -5.67938
1225 -5.68591
1226 -5.69243
1227 -5.69895
1228 -5.70547
1229 -5.71199
1230 -5.71851
1231 -5.72503
1232 -5.73155
1233 -5.73808
1234 -5.7446
1235 -5.75112
1236 -5.75764
1237 -5.76416
1238 -5.77068
1239 -5.7772
1240 -5.78372
1241 -5.79025
1242 -5.79677
1243 -5.80329
1244 -5.80981
1245 -5.81633
1246 -5.82285
1247 -5.82937
1248 -5.83589
1249 -5.84241
1250 -5.84894
1251 -5.85546
1252 -5.86198
1253 -5.8685
1254 -5.87502
1255 -5.88154
1256 -5.88806
1257 -5.89458
1258 -5.90111
1259 -5.90763
1260 -5.91415
1261 -5.92067
1262 -5.92719
1263 -5.93371
1264 -5.94023
1265 -5.94675
1266 -5.95328
1267 -5.9598
1268 -5.96632
1269 -5.97284
1270 -5.97936
1271 -5.98588
1272 -5.9924
1273 -5.99892
1274 -6.00545
1275 -6.01197
1276 -6.01849
1277 -6.02501
1278 -6.03153
1279 -6.03805
1280 -6.04457
1281 -6.05109
1282 -6.05762
1283 -6.06414
1284 -6.07066
1285 -6.07718
1286 -6.0837
1287 -6.09022
1288 -6.09674
1289 -6.10326
1290 -6.10978
1291 -6.11631
1292 -6.12283
1293 -6.12935
1294 -6.13587
1295 -6.14239
1296 -6.14891
1297 -6.15543
1298 -6.16195
1299 -6.16848
1300 -6.175
1301 -6.18152
1302 -6.18804
1303 -6.19456
1304 -6.20108
1305 -6.2076
1306 -6.21412
1307 -6.22065
1308 -6.22717
1309 -6.23369
1310 -6.24021
1311 -6.24673
1312 -6.25325
1313 -6.25977
1314 -6.26629
1315 -6.27282
1316 -6.27934
1317 -6.28586
1318 -6.29238
1319 -6.2989
1320 -6.30542
1321 -6.31194
1322 -6.31846
1323 -6.32498
1324 -6.33151
1325 -6.33803
1326 -6.34455
1327 -6.35107
1328 -6.35759
1329 -6.36411
1330 -6.37063
1331 -6.37715
1332 -6.38368
1333 -6.3902
1334 -6.39672
1335 -6.40324
1336 -6.40976
1337 -6.41628
1338 -6.4228
1339 -6.42932
1340 -6.43585
1341 -6.44237
1342 -6.44889
1343 -6.45541
1344 -6.46193
1345 -6.46845
1346 -6.47497
1347 -6.48149
1348 -6.48802
1349 -6.49454
1350 -6.50106
1351 -6.50758
1352 -6.5141
1353 -6.52062
1354 -6.52714
1355 -6.53366
1356 -6.54019
1357 -6.54671
1358 -6.55323
1359 -6.55975
1360 -6.56627
1361 -6.57279
1362 -6.57931
1363 -6.58583
1364 -6.59235
1365 -6.59888
1366 -6.6054
1367 -6.61192
1368 -6.61844
1369 -6.62496
1370 -6.63148
1371 -6.638
1372 -6.64452
1373 -6.65105
1374 -6.65757
1375 -6.66409
1376 -6.67061
1377 -6.67713
1378 -6.68365
1379 -6.69017
1380 -6.69669
1381 -6.70322
1382 -6.70974
1383 -6.71626
1384 -6.72278
1385 -6.7293
1386 -6.73582
1387 -6.74234
1388 -6.74886
1389 -6.75539
1390 -6.76191
1391 -6.76843
1392 -6.77495
1393 -6.78147
1394 -6.78799
1395 -6.79451
1396 -6.80103
1397 -6.80756
1398 -6.81408
1399 -6.8206
1400 -6.82712
1401 -6.83364
1402 -6.84016
1403 -6.84668
1404 -6.8532
1405 -6.85972
1406 -6.86625
1407 -6.87277
1408 -6.87929
1409 -6.88581
1410 -6.89233
1411 -6.89885
1412 -6.90537
1413 -6.91189
1414 -6.91842
1415 -6.92494
1416 -6.93146
1417 -6.93798
1418 -6.9445
1419 -6.95102
1420 -6.95754
1421 -6.96406
1422 -6.97059
1423 -6.97711
1424 -6.98363
1425 -6.99015
1426 -6.99667
1427 -7.00319
1428 -7.00971
1429 -7.01623
1430 -7.02276
1431 -7.02928
1432 -7.0358
1433 -7.04232
1434 -7.04884
1435 -7.05536
1436 -7.06188
1437 -7.0684
1438 -7.07492
1439 -7.08145
1440 -7.08797
1441 -7.09449
1442 -7.10101
1443 -7.10753
1444 -7.11405
1445 -7.12057
1446 -7.12709
1447 -7.13362
1448 -7.14014
1449 -7.14666
1450 -7.15318
1451 -7.1597
1452 -7.16622
1453 -7.17274
1454 -7.17926
1455 -7.18579
1456 -7.19231
1457 -7.19883
1458 -7.20535
1459 -7.21187
1460 -7.21839
1461 -7.22491
1462 -7.23143
1463 -7.23796
1464 -7.24448
1465 -7.251
1466 -7.25752
1467 -7.26404
1468 -7.27056
1469 -7.27708
1470 -7.2836
1471 -7.29013
1472 -7.29665
1473 -7.30317
1474 -7.30969
1475 -7.31621
1476 -7.32273
1477 -7.32925
1478 -7.33577
1479 -7.34229
1480 -7.34882
1481 -7.35534
1482 -7.36186
1483 -7.36838
1484 -7.3749
1485 -7.38142
1486 -7.38794
1487 -7.39446
1488 -7.40099
1489 -7.40751
1490 -7.41403
1491 -7.42055
1492 -7.42707
1493 -7.43359
1494 -7.44011
1495 -7.44663
1496 -7.45316
1497 -7.45968
1498 -7.4662
1499 -7.47272
1500 -7.47924
1501 -7.48576
1502 -7.49228
1503 -7.4988
1504 -7.50533
1505 -7.51185
1506 -7.51837
1507 -7.52489
1508 -7.53141
1509 -7.53793
1510 -7.54445
1511 -7.55097
1512 -7.55749
1513 -7.56402
1514 -7.57054
1515 -7.57706
1516 -7.58358
1517 -7.5901
1518 -7.59662
1519 -7.60314
1520 -7.60966
1521 -7.61619
1522 -7.62271
1523 -7.62923
1524 -7.63575
1525 -7.64227
1526 -7.64879
1527 -7.65531
1528 -7.66183
1529 -7.66836
1530 -7.67488
1531 -7.6814
1532 -7.68792
1533 -7.69444
1534 -7.70096
1535 -7.70748
1536 -7.714
1537 -7.72053
1538 -7.72705
1539 -7.73357
1540 -7.74009
1541 -7.74661
1542 -7.75313
1543 -7.75965
1544 -7.76617
1545 -7.7727
1546 -7.77922
1547 -7.78574
1548 -7.79226
1549 -7.79878
1550 -7.8053
1551 -7.81182
1552 -7.81834
1553 -7.82486
1554 -7.83139
1555 -7.83791
1556 -7.84443
1557 -7.85095
1558 -7.85747
1559 -7.86399
1560 -7.87051
1561 -7.87703
1562 -7.88356
1563 -7.89008
1564 -7.8966
1565 -7.90312
1566 -7.90964
1567 -7.91616
1568 -7.92268
1569 -7.9292
1570 -7.93573
1571 -7.94225
1572 -7.94877
1573 -7.95529
1574 -7.96181
1575 -7.96833
1576 -7.97485
1577 -7.98137
1578 -7.9879
1579 -7.99442
1580 -8.00094
1581 -8.00746
1582 -8.01398
1583 -8.0205
1584 -8.02702
1585 -8.03354
1586 -8.04007
1587 -8.04659
1588 -8.05311
1589 -8.05963
1590 -8.06615
1591 -8.07267
1592 -8.07919
1593 -8.08571
1594 -8.09223
1595 -8.09876
1596 -8.10528
1597 -8.1118
1598 -8.11832
1599 -8.12484
1600 -8.13136
1601 -8.13788
1602 -8.1444
1603 -8.15093
1604 -8.15745
1605 -8.16397
1606 -8.17049
1607 -8.17701
1608 -8.18353
1609 -8.19005
1610 -8.19657
1611 -8.2031
1612 -8.20962
1613 -8.21614
1614 -8.22266
1615 -8.22918
1616 -8.2357
1617 -8.24222
1618 -8.24874
1619 -8.25527
1620 -8.26179
1621 -8.26831
1622 -8.27483
1623 -8.28135
1624 -8.28787
1625 -8.29439
1626 -8.30091
1627 -8.30743
1628 -8.31396
1629 -8.32048
1630 -8.327
1631 -8.33352
1632 -8.34004
1633 -8.34656
1634 -8.35308
1635 -8.3596
1636 -8.36613
1637 -8.37265
1638 -8.37917
1639 -8.38569
1640 -8.39221
1641 -8.39873
1642 -8.40525
1643 -8.41177
1644 -8.4183
1645 -8.42482
1646 -8.43134
1647 -8.43786
1648 -8.44438
1649 -8.4509
1650 -8.45742
1651 -8.46394
1652 -8.47047
1653 -8.47699
1654 -8.48351
1655 -8.49003
1656 -8.49655
1657 -8.50307
1658 -8.50959
1659 -8.51611
1660 -8.52264
1661 -8.52916
1662 -8.53568
1663 -8.5422
1664 -8.54872
1665 -8.55524
1666 -8.56176
1667 -8.56828
1668 -8.5748
1669 -8.58133
1670 -8.58785
1671 -8.59437
1672 -8.60089
1673 -8.60741
1674 -8.61393
1675 -8.62045
1676 -8.62697
1677 -8.6335
1678 -8.64002
1679 -8.64654
1680 -8.65306
1681 -8.65958
1682 -8.6661
1683 -8.67262
1684 -8.67914
1685 -8.68567
1686 -8.69219
1687 -8.69871
1688 -8.70523
1689 -8.71175
1690 -8.71827
1691 -8.72479
1692 -8.73131
1693 -8.73784
1694 -8.74436
1695 -8.75088
1696 -8.7574
1697 -8.76392
1698 -8.77044
1699 -8.77696
1700 -8.78348
1701 -8.79001
1702 -8.79653
1703 -8.80305
1704 -8.80957
1705 -8.81609
1706 -8.82261
1707 -8.82913
1708 -8.83565
1709 -8.84217
1710 -8.8487
1711 -8.85522
1712 -8.86174
1713 -8.86826
1714 -8.87478
1715 -8.8813
1716 -8.88782
1717 -8.89434
1718 -8.90087
1719 -8.90739
1720 -8.91391
1721 -8.92043
1722 -8.92695
1723 -8.93347
1724 -8.93999
1725 -8.94651
1726 -8.95304
1727 -8.95956
1728 -8.96608
1729 -8.9726
1730 -8.97912
1731 -8.98564
1732 -8.99216
1733 -8.99868
1734 -9.00521
1735 -9.01173
1736 -9.01825
1737 -9.02477
1738 -9.03129
1739 -9.03781
1740 -9.04433
1741 -9.05085
1742 -9.05737
1743 -9.0639
1744 -9.07042
1745 -9.07694
1746 -9.08346
1747 -9.08998
1748 -9.0965
1749 -9.10302
1750 -9.10954
1751 -9.11607
1752 -9.12259
1753 -9.12911
1754 -9.13563
1755 -9.14215
1756 -9.14867
1757 -9.15519
1758 -9.16171
1759 -9.16824
1760 -9.17476
1761 -9.18128
1762 -9.1878
1763 -9.19432
1764 -9.20084
1765 -9.20736
1766 -9.21388
1767 -9.22041
1768 -9.22693
1769 -9.23345
1770 -9.23997
1771 -9.24649
1772 -9.25301
1773 -9.25953
1774 -9.26605
1775 -9.27258
1776 -9.2791
1777 -9.28562
1778 -9.29214
1779 -9.29866
1780 -9.30518
1781 -9.3117
1782 -9.31822
1783 -9.32474
1784 -9.33127
1785 -9.33779
1786 -9.34431
1787 -9.35083
1788 -9.35735
1789 -9.36387
1790 -9.37039
1791 -9.37691
1792 -9.38344
1793 -9.38996
1794 -9.39648
1795 -9.403
1796 -9.40952
1797 -9.41604
1798 -9.42256
1799 -9.42908
1800 -9.43561
1801 -9.44213
1802 -9.44865
1803 -9.45517
1804 -9.46169
1805 -9.46821
1806 -9.47473
1807 -9.48125
1808 -9.48778
1809 -9.4943
1810 -9.50082
1811 -9.50734
1812 -9.51386
1813 -9.52038
1814 -9.5269
1815 -9.53342
1816 -9.53994
1817 -9.54647
1818 -9.55299
1819 -9.55951
1820 -9.56603
1821 -9.57255
1822 -9.57907
1823 -9.58559
1824 -9.59211
1825 -9.59864
1826 -9.60516
1827 -9.61168
1828 -9.6182
1829 -9.62472
1830 -9.63124
1831 -9.63776
1832 -9.64428
1833 -9.65081
1834 -9.65733
1835 -9.66385
1836 -9.67037
1837 -9.67689
1838 -9.68341
1839 -9.68993
1840 -9.69645
1841 -9.70298
1842 -9.7095
1843 -9.71602
1844 -9.72254
1845 -9.72906
1846 -9.73558
1847 -9.7421
1848 -9.74862
1849 -9.75515
1850 -9.76167
1851 -9.76819
1852 -9.77471
1853 -9.78123
1854 -9.78775
1855 -9.79427
1856 -9.80079
1857 -9.80731
1858 -9.81384
1859 -9.82036
1860 -9.82688
1861 -9.8334
1862 -9.83992
1863 -9.84644
1864 -9.85296
1865 -9.85948
1866 -9.86601
1867 -9.87253
1868 -9.87905
1869 -9.88557
1870 -9.89209
1871 -9.89861
1872 -9.90513
1873 -9.91165
1874 -9.91818
1875 -9.9247
1876 -9.93122
1877 -9.93774
1878 -9.94426
1879 -9.95078
1880 -9.9573
1881 -9.96382
1882 -9.97035
1883 -9.97687
1884 -9.98339
1885 -9.98991
1886 -9.99643
1887 -10.003
1888 -10.0095
1889 -10.016
1890 -10.0225
1891 -10.029
1892 -10.0356
1893 -10.0421
1894 -10.0486
1895 -10.0551
1896 -10.0616
1897 -10.0682
1898 -10.0747
1899 -10.0812
1900 -10.0877
1901 -10.0942
1902 -10.1008
1903 -10.1073
1904 -10.1138
1905 -10.1203
1906 -10.1269
1907 -10.1334
1908 -10.1399
1909 -10.1464
1910 -10.1529
1911 -10.1595
1912 -10.166
1913 -10.1725
1914 -10.179
1915 -10.1855
1916 -10.1921
1917 -10.1986
1918 -10.2051
1919 -10.2116
1920 -10.2182
1921 -10.2247
1922 -10.2312
1923 -10.2377
1924 -10.2442
1925 -10.2508
1926 -10.2573
1927 -10.2638
1928 -10.2703
1929 -10.2768
1930 -10.2834
1931 -10.2899
1932 -10.2964
1933 -10.3029
1934 -10.3094
1935 -10.316
1936 -10.3225
1937 -10.329
1938 -10.3355
1939 -10.3421
1940 -10.3486
1941 -10.3551
1942 -10.3616
1943 -10.3681
1944 -10.3747
1945 -10.3812
1946 -10.3877
1947 -10.3942
1948 -10.4007
1949 -10.4073
1950 -10.4138
1951 -10.4203
1952 -10.4268
1953 -10.4334
1954 -10.4399
1955 -10.4464
1956 -10.4529
1957 -10.4594
1958 -10.466
1959 -10.4725
1960 -10.479
1961 -10.4855
1962 -10.492
1963 -10.4986
1964 -10.5051
1965 -10.5116
1966 -10.5181
1967 -10.5246
1968 -10.5312
1969 -10.5377
1970 -10.5442
1971 -10.5507
1972 -10.5573
1973 -10.5638
1974 -10.5703
1975 -10.5768
1976 -10.5833
1977 -10.5899
1978 -10.5964
1979 -10.6029
1980 -10.6094
1981 -10.6159
1982 -10.6225
1983 -10.629
1984 -10.6355
1985 -10.642
1986 -10.6486
1987 -10.6551
1988 -10.6616
1989 -10.6681
1990 -10.6746
1991 -10.6812
1992 -10.6877
1993 -10.6942
1994 -10.7007
1995 -10.7072
1996 -10.7138
1997 -10.7203
1998 -10.7268
1999 -10.7333
2000 -10.7398
2001 -10.7464
2002 -10.7529
2003 -10.7594
2004 -10.7659
2005 -10.7725
2006 -10.779
2007 -10.7855
2008 -10.792
2009 -10.7985
2010 -10.8051
2011 -10.8116
2012 -10.8181
2013 -10.8246
2014 -10.8311
2015 -10.8377
2016 -10.8442
2017 -10.8507
2018 -10.8572
2019 -10.8638
2020 -10.8703
2021 -10.8768
2022 -10.8833
2023 -10.8898
2024 -10.8964
2025 -10.9029
2026 -10.9094
2027 -10.9159
2028 -10.9224
2029 -10.929
2030 -10.9355
2031 -10.942
2032 -10.9485
2033 -10.955
2034 -10.9616
2035 -10.9681
2036 -10.9746
2037 -10.9811
2038 -10.9877
2039 -10.9942
2040 -11.0007
2041 -11.0072
2042 -11.0137
2043 -11.0203
2044 -11.0268
2045 -11.0333
2046 -11.0398
2047 -11.0463
2048 -11.0529
2049 -11.0594
2050 -11.0659
2051 -11.0724
2052 -11.079
2053 -11.0855
2054 -11.092
2055 -11.0985
2056 -11.105
2057 -11.1116
2058 -11.1181
2059 -11.1246
2060 -11.1311
2061 -11.1376
2062 -11.1442
2063 -11.1507
2064 -11.1572
2065 -11.1637
2066 -11.1702
2067 -11.1768
2068 -11.1833
2069 -11.1898
2070 -11.1963
2071 -11.2029
2072 -11.2094
2073 -11.2159
2074 -11.2224
2075 -11.2289
2076 -11.2355
2077 -11.242
2078 -11.2485
2079 -11.255
2080 -11.2615
2081 -11.2681
2082 -11.2746
2083 -11.2811
2084 -11.2876
2085 -11.2942
2086 -11.3007
2087 -11.3072
2088 -11.3137
2089 -11.3202
2090 -11.3268
2091 -11.3333
2092 -11.3398
2093 -11.3463
2094 -11.3528
2095 -11.3594
2096 -11.3659
2097 -11.3724
2098 -11.3789
2099 -11.3854
2100 -11.392
2101 -11.3985
2102 -11.405
2103 -11.4115
2104 -11.4181
2105 -11.4246
2106 -11.4311
2107 -11.4376
2108 -11.4441
2109 -11.4507
2110 -11.4572
2111 -11.4637
2112 -11.4702
2113 -11.4767
2114 -11.4833
2115 -11.4898
2116 -11.4963
2117 -11.5028
2118 -11.5094
2119 -11.5159
2120 -11.5224
2121 -11.5289
2122 -11.5354
2123 -11.542
2124 -11.5485
2125 -11.555
2126 -11.5615
2127 -11.568
2128 -11.5746
2129 -11.5811
2130 -11.5876
2131 -11.5941
2132 -11.6006
2133 -11.6072
2134 -11.6137
2135 -11.6202
2136 -11.6267
2137 -11.6333
2138 -11.6398
2139 -11.6463
2140 -11.6528
2141 -11.6593
2142 -11.6659
2143 -11.6724
2144 -11.6789
2145 -11.6854
2146 -11.6919
2147 -11.6985
2148 -11.705
2149 -11.7115
2150 -11.718
2151 -11.7246
2152 -11.7311
2153 -11.7376
2154 -11.7441
2155 -11.7506
2156 -11.7572
2157 -11.7637
2158 -11.7702
2159 -11.7767
2160 -11.7832
2161 -11.7898
2162 -11.7963
2163 -11.8028
2164 -11.8093
2165 -11.8158
2166 -11.8224
2167 -11.8289
2168 -11.8354
2169 -11.8419
2170 -11.8485
2171 -11.855
2172 -11.8615
2173 -11.868
2174 -11.8745
2175 -11.8811
2176 -11.8876
2177 -11.8941
2178 -11.9006
2179 -11.9071
2180 -11.9137
2181 -11.9202
2182 -11.9267
2183 -11.9332
2184 -11.9398
2185 -11.9463
2186 -11.9528
2187 -11.9593
2188 -11.9658
2189 -11.9724
2190 -11.9789
2191 -11.9854
2192 -11.9919
2193 -11.9984
2194 -12.005
2195 -12.0115
2196 -12.018
2197 -12.0245
2198 -12.031
2199 -12.0376
2200 -12.0441
2201 -12.0506
2202 -12.0571
2203 -12.0637
2204 -12.0702
2205 -12.0767
2206 -12.0832
2207 -12.0897
2208 -12.0963
2209 -12.1028
2210 -12.1093
2211 -12.1158
2212 -12.1223
2213 -12.1289
2214 -12.1354
2215 -12.1419
2216 -12.1484
2217 -12.155
2218 -12.1615
2219 -12.168
2220 -12.1745
2221 -12.181
2222 -12.1876
2223 -12.1941
2224 -12.2006
2225 -12.2071
2226 -12.2136
2227 -12.2202
2228 -12.2267
2229 -12.2332
2230 -12.2397
2231 -12.2463
2232 -12.2528
2233 -12.2593
2234 -12.2658
2235 -12.2723
2236 -12.2789
2237 -12.2854
2238 -12.2919
2239 -12.2984
2240 -12.3049
2241 -12.3115
2242 -12.318
2243 -12.3245
2244 -12.331
2245 -12.3375
2246 -12.3441
2247 -12.3506
2248 -12.3571
2249 -12.3636
2250 -12.3702
2251 -12.3767
2252 -12.3832
2253 -12.3897
2254 -12.3962
2255 -12.4028
2256 -12.4093
2257 -12.4158
2258 -12.4223
2259 -12.4288
2260 -12.4354
2261 -12.4419
2262 -12.4484
2263 -12.4549
2264 -12.4615
2265 -12.468
2266 -12.4745
2267 -12.481
2268 -12.4875
2269 -12.4941
2270 -12.5006
2271 -12.5071
2272 -12.5136
2273 -12.5201
2274 -12.5267
2275 -12.5332
2276 -12.5397
2277 -12.5462
2278 -12.5527
2279 -12.5593
2280 -12.5658
2281 -12.5723
2282 -12.5788
2283 -12.5854
2284 -12.5919
2285 -12.5984
2286 -12.6049
2287 -12.6114
2288 -12.618
2289 -12.6245
2290 -12.631
2291 -12.6375
2292 -12.644
2293 -12.6506
2294 -12.6571
2295 -12.6636
2296 -12.6701
2297 -12.6767
2298 -12.6832
2299 -12.6897
2300 -12.6962
2301 -12.7027
2302 -12.7093
2303 -12.7158
2304 -12.7223
2305 -12.7288
2306 -12.7353
2307 -12.7419
2308 -12.7484
2309 -12.7549
2310 -12.7614
2311 -12.7679
2312 -12.7745
2313 -12.781
2314 -12.7875
2315 -12.794
2316 -12.8006
2317 -12.8071
2318 -12.8136
2319 -12.8201
2320 -12.8266
2321 -12.8332
2322 -12.8397
2323 -12.8462
2324 -12.8527
2325 -12.8592
2326 -12.8658
2327 -12.8723
2328 -12.8788
2329 -12.8853
2330 -12.8919
2331 -12.8984
2332 -12.9049
2333 -12.9114
2334 -12.9179
2335 -12.9245
2336 -12.931
2337 -12.9375
2338 -12.944
2339 -12.9505
2340 -12.9571
2341 -12.9636
2342 -12.9701
2343 -12.9766
2344 -12.9831
2345 -12.9897
2346 -12.9962
2347 -13.0027
2348 -13.0092
2349 -13.0158
2350 -13.0223
2351 -13.0288
2352 -13.0353
2353 -13.0418
2354 -13.0484
2355 -13.0549
2356 -13.0614
2357 -13.0679
2358 -13.0744
2359 -13.081
2360 -13.0875
2361 -13.094
2362 -13.1005
2363 -13.1071
2364 -13.1136
2365 -13.1201
2366 -13.1266
2367 -13.1331
2368 -13.1397
2369 -13.1462
2370 -13.1527
2371 -13.1592
2372 -13.1657
2373 -13.1723
2374 -13.1788
2375 -13.1853
2376 -13.1918
2377 -13.1983
2378 -13.2049
2379 -13.2114
2380 -13.2179
2381 -13.2244
2382 -13.231
2383 -13.2375
2384 -13.244
2385 -13.2505
2386 -13.257
2387 -13.2636
2388 -13.2701
2389 -13.2766
2390 -13.2831
2391 -13.2896
2392 -13.2962
2393 -13.3027
2394 -13.3092
2395 -13.3157
2396 -13.3223
2397 -13.3288
2398 -13.3353
2399 -13.3418
2400 -13.3483
2401 -13.3549
2402 -13.3614
2403 -13.3679
2404 -13.3744
2405 -13.3809
2406 -13.3875
2407 -13.394
2408 -13.4005
2409 -13.407
2410 -13.4135
2411 -13.4201
2412 -13.4266
2413 -13.4331
2414 -13.4396
2415 -13.4462
2416 -13.4527
2417 -13.4592
2418 -13.4657
2419 -13.4722
2420 -13.4788
2421 -13.4853
2422 -13.4918
2423 -13.4983
2424 -13.5048
2425 -13.5114
2426 -13.5179
2427 -13.5244
2428 -13.5309
2429 -13.5375
2430 -13.544
2431 -13.5505
2432 -13.557
2433 -13.5635
2434 -13.5701
2435 -13.5766
2436 -13.5831
2437 -13.5896
2438 -13.5961
2439 -13.6027
2440 -13.6092
2441 -13.6157
2442 -13.6222
2443 -13.6287
2444 -13.6353
2445 -13.6418
2446 -13.6483
2447 -13.6548
2448 -13.6614
2449 -13.6679
2450 -13.6744
2451 -13.6809
2452 -13.6874
2453 -13.694
2454 -13.7005
2455 -13.707
2456 -13.7135
2457 -13.72
2458 -13.7266
2459 -13.7331
2460 -13.7396
2461 -13.7461
2462 -13.7527
2463 -13.7592
2464 -13.7657
2465 -13.7722
2466 -13.7787
2467 -13.7853
2468 -13.7918
2469 -13.7983
2470 -13.8048
2471 -13.8113
2472 -13.8179
2473 -13.8244
2474 -13.8309
2475 -13.8374
2476 -13.8439
2477 -13.8505
2478 -13.857
2479 -13.8635
2480 -13.87
2481 -13.8766
2482 -13.8831
2483 -13.8896
2484 -13.8961
2485 -13.9026
2486 -13.9092
2487 -13.9157
2488 -13.9222
2489 -13.9287
2490 -13.9352
2491 -13.9418
2492 -13.9483
2493 -13.9548
2494 -13.9613
2495 -13.9679
2496 -13.9744
2497 -13.9809
2498 -13.9874
2499 -13.9939
2500 -14.0005
2501 -14.007
2502 -14.0135
2503 -14.02
2504 -14.0265
2505 -14.0331
2506 -14.0396
2507 -14.0461
2508 -14.0526
2509 -14.0591
2510 -14.0657
2511 -14.0722
2512 -14.0787
2513 -14.0852
2514 -14.0918
2515 -14.0983
2516 -14.1048
2517 -14.1113
2518 -14.1178
2519 -14.1244
2520 -14.1309
2521 -14.1374
2522 -14.1439
2523 -14.1504
2524 -14.157
2525 -14.1635
2526 -14.17
2527 -14.1765
2528 -14.1831
2529 -14.1896
2530 -14.1961
2531 -14.2026
2532 -14.2091
2533 -14.2157
2534 -14.2222
2535 -14.2287
2536 -14.2352
2537 -14.2417
2538 -14.2483
2539 -14.2548
2540 -14.2613
2541 -14.2678
2542 -14.2743
2543 -14.2809
2544 -14.2874
2545 -14.2939
2546 -14.3004
2547 -14.307
2548 -14.3135
2549 -14.32
2550 -14.3265
2551 -14.333
2552 -14.3396
2553 -14.3461
2554 -14.3526
2555 -14.3591
2556 -14.3656
2557 -14.3722
2558 -14.3787
2559 -14.3852
2560 -14.3917
2561 -14.3983
2562 -14.4048
2563 -14.4113
2564 -14.4178
2565 -14.4243
2566 -14.4309
2567 -14.4374
2568 -14.4439
2569 -14.4504
2570 -14.4569
2571 -14.4635
2572 -14.47
2573 -14.4765
2574 -14.483
2575 -14.4895
2576 -14.4961
2577 -14.5026
2578 -14.5091
2579 -14.5156
2580 -14.5222
2581 -14.5287
2582 -14.5352
2583 -14.5417
2584 -14.5482
2585 -14.5548
2586 -14.5613
2587 -14.5678
2588 -14.5743
2589 -14.5808
2590 -14.5874
2591 -14.5939
2592 -14.6004
2593 -14.6069
2594 -14.6135
2595 -14.62
2596 -14.6265
2597 -14.633
2598 -14.6395
2599 -14.6461
2600 -14.6526
2601 -14.6591
2602 -14.6656
2603 -14.6721
2604 -14.6787
2605 -14.6852
2606 -14.6917
2607 -14.6982
2608 -14.7047
2609 -14.7113
2610 -14.7178
2611 -14.7243
2612 -14.7308
2613 -14.7374
2614 -14.7439
2615 -14.7504
2616 -14.7569
2617 -14.7634
2618 -14.77
2619 -14.7765
2620 -14.783
2621 -14.7895
2622 -14.796
2623 -14.8026
2624 -14.8091
2625 -14.8156
2626 -14.8221
2627 -14.8287
2628 -14.8352
2629 -14.8417
2630 -14.8482
2631 -14.8547
2632 -14.8613
2633 -14.8678
2634 -14.8743
2635 -14.8808
2636 -14.8873
2637 -14.8939
2638 -14.9004
2639 -14.9069
2640 -14.9134
2641 -14.9199
2642 -14.9265
2643 -14.933
2644 -14.9395
2645 -14.946
2646 -14.9526
2647 -14.9591
2648 -14.9656
2649 -14.9721
2650 -14.9786
2651 -14.9852
2652 -14.9917
2653 -14.9982
2654 -15.0047
2655 -15.0112
2656 -15.0178
2657 -15.0243
2658 -15.0308
2659 -15.0373
2660 -15.0439
2661 -15.0504
2662 -15.0569
2663 -15.0634
2664 -15.0699
2665 -15.0765
2666 -15.083
2667 -15.0895
2668 -15.096
2669 -15.1025
2670 -15.1091
2671 -15.1156
2672 -15.1221
2673 -15.1286
2674 -15.1351
2675 -15.1417
2676 -15.1482
2677 -15.1547
2678 -15.1612
2679 -15.1678
2680 -15.1743
2681 -15.1808
2682 -15.1873
2683 -15.1938
2684 -15.2004
2685 -15.2069
2686 -15.2134
2687 -15.2199
2688 -15.2264
2689 -15.233
2690 -15.2395
2691 -15.246
2692 -15.2525
2693 -15.2591
2694 -15.2656
2695 -15.2721
2696 -15.2786
2697 -15.2851
2698 -15.2917
2699 -15.2982
2700 -15.3047
2701 -15.3112
2702 -15.3177
2703 -15.3243
2704 -15.3308
2705 -15.3373
2706 -15.3438
2707 -15.3503
2708 -15.3569
2709 -15.3634
2710 -15.3699
2711 -15.3764
2712 -15.383
2713 -15.3895
2714 -15.396
2715 -15.4025
2716 -15.409
2717 -15.4156
2718 -15.4221
2719 -15.4286
2720 -15.4351
2721 -15.4416
2722 -15.4482
2723 -15.4547
2724 -15.4612
2725 -15.4677
2726 -15.4743
2727 -15.4808
2728 -15.4873
2729 -15.4938
2730 -15.5003
2731 -15.5069
2732 -15.5134
2733 -15.5199
2734 -15.5264
2735 -15.5329
2736 -15.5395
2737 -15.546
2738 -15.5525
2739 -15.559
2740 -15.5655
2741 -15.5721
2742 -15.5786
2743 -15.5851
2744 -15.5916
2745 -15.5982
2746 -15.6047
2747 -15.6112
2748 -15.6177
2749 -15.6242
2750 -15.6308
2751 -15.6373
2752 -15.6438
2753 -15.6503
2754 -15.6568
2755 -15.6634
2756 -15.6699
2757 -15.6764
2758 -15.6829
2759 -15.6895
2760 -15.696
2761 -15.7025
2762 -15.709
2763 -15.7155
2764 -15.7221
2765 -15.7286
2766 -15.7351
2767 -15.7416
2768 -15.7481
2769 -15.7547
2770 -15.7612
2771 -15.7677
2772 -15.7742
2773 -15.7807
2774 -15.7873
2775 -15.7938
2776 -15.8003
2777 -15.8068
2778 -15.8134
2779 -15.8199
2780 -15.8264
2781 -15.8329
2782 -15.8394
2783 -15.846
2784 -15.8525
2785 -15.859
2786 -15.8655
2787 -15.872
2788 -15.8786
2789 -15.8851
2790 -15.8916
2791 -15.8981
2792 -15.9047
2793 -15.9112
2794 -15.9177
2795 -15.9242
2796 -15.9307
2797 -15.9373
2798 -15.9438
2799 -15.9503
2800 -15.9568
2801 -15.9633
2802 -15.9699
2803 -15.9764
2804 -15.9829
2805 -15.9894
2806 -15.9959
2807 -16.0025
2808 -16.009
2809 -16.0155
2810 -16.022
2811 -16.0286
2812 -16.0351
2813 -16.0416
2814 -16.0481
2815 -16.0546
2816 -16.0612
2817 -16.0677
2818 -16.0742
2819 -16.0807
2820 -16.0872
2821 -16.0938
2822 -16.1003
2823 -16.1068
2824 -16.1133
2825 -16.1199
2826 -16.1264
2827 -16.1329
2828 -16.1394
2829 -16.1459
2830 -16.1525
2831 -16.159
2832 -16.1655
2833 -16.172
2834 -16.1785
2835 -16.1851
2836 -16.1916
2837 -16.1981
2838 -16.2046
2839 -16.2111
2840 -16.2177
2841 -16.2242
2842 -16.2307
2843 -16.2372
2844 -16.2438
2845 -16.2503
2846 -16.2568
2847 -16.2633
2848 -16.2698
2849 -16.2764
2850 -16.2829
2851 -16.2894
2852 -16.2959
2853 -16.3024
2854 -16.309
2855 -16.3155
2856 -16.322
2857 -16.3285
2858 -16.3351
2859 -16.3416
2860 -16.3481
2861 -16.3546
2862 -16.3611
2863 -16.3677
2864 -16.3742
2865 -16.3807
2866 -16.3872
2867 -16.3937
2868 -16.4003
2869 -16.4068
2870 -16.4133
2871 -16.4198
2872 -16.4264
2873 -16.4329
2874 -16.4394
2875 -16.4459
2876 -16.4524
2877 -16.459
2878 -16.4655
2879 -16.472
2880 -16.4785
2881 -16.485
2882 -16.4916
2883 -16.4981
2884 -16.5046
2885 -16.5111
2886 -16.5176
2887 -16.5242
2888 -16.5307
2889 -16.5372
2890 -16.5437
2891 -16.5503
2892 -16.5568
2893 -16.5633
2894 -16.5698
2895 -16.5763
2896 -16.5829
2897 -16.5894
2898 -16.5959
2899 -16.6024
2900 -16.6089
2901 -16.6155
2902 -16.622
2903 -16.6285
2904 -16.635
2905 -16.6416
2906 -16.6481
2907 -16.6546
2908 -16.6611
2909 -16.6676
2910 -16.6742
2911 -16.6807
2912 -16.6872
2913 -16.6937
2914 -16.7002
2915 -16.7068
2916 -16.7133
2917 -16.7198
2918 -16.7263
2919 -16.7328
2920 -16.7394
2921 -16.7459
2922 -16.7524
2923 -16.7589
2924 -16.7655
2925 -16.772
2926 -16.7785
2927 -16.785
2928 -16.7915
2929 -16.7981
2930 -16.8046
2931 -16.8111
2932 -16.8176
2933 -16.8241
2934 -16.8307
2935 -16.8372
2936 -16.8437
2937 -16.8502
2938 -16.8568
2939 -16.8633
2940 -16.8698
2941 -16.8763
2942 -16.8828
2943 -16.8894
2944 -16.8959
2945 -16.9024
2946 -16.9089
2947 -16.9154
2948 -16.922
2949 -16.9285
2950 -16.935
2951 -16.9415
2952 -16.948
2953 -16.9546
2954 -16.9611
2955 -16.9676
2956 -16.9741
2957 -16.9807
2958 -16.9872
2959 -16.9937
2960 -17.0002
2961 -17.0067
2962 -17.0133
2963 -17.0198
2964 -17.0263
2965 -17.0328
2966 -17.0393
2967 -17.0459
2968 -17.0524
2969 -17.0589
2970 -17.0654
2971 -17.072
2972 -17.0785
2973 -17.085
2974 -17.0915
2975 -17.098
2976 -17.1046
2977 -17.1111
2978 -17.1176
2979 -17.1241
2980 -17.1306
2981 -17.1372
2982 -17.1437
2983 -17.1502
2984 -17.1567
2985 -17.1632
2986 -17.1698
2987 -17.1763
2988 -17.1828
2989 -17.1893
2990 -17.1959
2991 -17.2024
2992 -17.2089
2993 -17.2154
2994 -17.2219
2995 -17.2285
2996 -17.235
2997 -17.2415
2998 -17.248
2999 -17.2545
3000 -17.2611
3001 -17.2676
3002 -17.2741
3003 -17.2806
3004 -17.2872
3005 -17.2937
3006 -17.3002
3007 -17.3067
3008 -17.3132
3009 -17.3198
3010 -17.3263
3011 -17.3328
3012 -17.3393
3013 -17.3458
3014 -17.3524
3015 -17.3589
3016 -17.3654
3017 -17.3719
3018 -17.3784
3019 -17.385
3020 -17.3915
3021 -17.398
3022 -17.4045
3023 -17.4111
3024 -17.4176
3025 -17.4241
3026 -17.4306
3027 -17.4371
3028 -17.4437
3029 -17.4502
3030 -17.4567
3031 -17.4632
3032 -17.4697
3033 -17.4763
3034 -17.4828
3035 -17.4893
3036 -17.4958
3037 -17.5024
3038 -17.5089
3039 -17.5154
3040 -17.5219
3041 -17.5284
3042 -17.535
3043 -17.5415
3044 -17.548
3045 -17.5545
3046 -17.561
3047 -17.5676
3048 -17.5741
3049 -17.5806
3050 -17.5871
3051 -17.5936
3052 -17.6002
3053 -17.6067
3054 -17.6132
3055 -17.6197
3056 -17.6263
3057 -17.6328
3058 -17.6393
3059 -17.6458
3060 -17.6523
3061 -17.6589
3062 -17.6654
3063 -17.6719
3064 -17.6784
3065 -17.6849
3066 -17.6915
3067 -17.698
3068 -17.7045
3069 -17.711
3070 -17.7176
3071 -17.7241
3072 -17.7306
3073 -17.7371
3074 -17.7436
3075 -17.7502
3076 -17.7567
3077 -17.7632
3078 -17.7697
3079 -17.7762
3080 -17.7828
3081 -17.7893
3082 -17.7958
3083 -17.8023
3084 -17.8088
3085 -17.8154
3086 -17.8219
3087 -17.8284
3088 -17.8349
3089 -17.8415
3090 -17.848
3091 -17.8545
3092 -17.861
3093 -17.8675
3094 -17.8741
3095 -17.8806
3096 -17.8871
3097 -17.8936
3098 -17.9001
3099 -17.9067
3100 -17.9132
3101 -17.9197
3102 -17.9262
3103 -17.9328
3104 -17.9393
3105 -17.9458
3106 -17.9523
3107 -17.9588
3108 -17.9654
3109 -17.9719
3110 -17.9784
3111 -17.9849
3112 -17.9914
3113 -17.998
3114 -18.0045
3115 -18.011
3116 -18.0175
3117 -18.024
3118 -18.0306
3119 -18.0371
3120 -18.0436
3121 -18.0501
3122 -18.0567
3123 -18.0632
3124 -18.0697
3125 -18.0762
3126 -18.0827
3127 -18.0893
3128 -18.0958
3129 -18.1023
3130 -18.1088
3131 -18.1153
3132 -18.1219
3133 -18.1284
3134 -18.1349
3135 -18.1414
3136 -18.148
3137 -18.1545
3138 -18.161
3139 -18.1675
3140 -18.174
3141 -18.1806
3142 -18.1871
3143 -18.1936
3144 -18.2001
3145 -18.2066
3146 -18.2132
3147 -18.2197
3148 -18.2262
3149 -18.2327
3150 -18.2392
3151 -18.2458
3152 -18.2523
3153 -18.2588
3154 -18.2653
3155 -18.2719
3156 -18.2784
3157 -18.2849
3158 -18.2914
3159 -18.2979
3160 -18.3045
3161 -18.311
3162 -18.3175
3163 -18.324
3164 -18.3305
3165 -18.3371
3166 -18.3436
3167 -18.3501
3168 -18.3566
3169 -18.3632
3170 -18.3697
3171 -18.3762
3172 -18.3827
3173 -18.3892
3174 -18.3958
3175 -18.4023
3176 -18.4088
3177 -18.4153
3178 -18.4218
3179 -18.4284
3180 -18.4349
3181 -18.4414
3182 -18.4479
3183 -18.4544
3184 -18.461
3185 -18.4675
3186 -18.474
3187 -18.4805
3188 -18.4871
3189 -18.4936
3190 -18.5001
3191 -18.5066
3192 -18.5131
3193 -18.5197
3194 -18.5262
3195 -18.5327
3196 -18.5392
3197 -18.5457
3198 -18.5523
3199 -18.5588
3200 -18.5653
3201 -18.5718
3202 -18.5784
3203 -18.5849
3204 -18.5914
3205 -18.5979
3206 -18.6044
3207 -18.611
3208 -18.6175
3209 -18.624
3210 -18.6305
3211 -18.637
3212 -18.6436
3213 -18.6501
3214 -18.6566
3215 -18.6631
3216 -18.6696
3217 -18.6762
3218 -18.6827
3219 -18.6892
3220 -18.6957
3221 -18.7023
3222 -18.7088
3223 -18.7153
3224 -18.7218
3225 -18.7283
3226 -18.7349
3227 -18.7414
3228 -18.7479
3229 -18.7544
3230 -18.7609
3231 -18.7675
3232 -18.774
3233 -18.7805
3234 -18.787
3235 -18.7936
3236 -18.8001
3237 -18.8066
3238 -18.8131
3239 -18.8196
3240 -18.8262
3241 -18.8327
3242 -18.8392
3243 -18.8457
3244 -18.8522
3245 -18.8588
3246 -18.8653
3247 -18.8718
3248 -18.8783
3249 -18.8848
3250 -18.8914
3251 -18.8979
3252 -18.9044
3253 -18.9109
3254 -18.9175
3255 -18.924
3256 -18.9305
3257 -18.937
3258 -18.9435
3259 -18.9501
3260 -18.9566
3261 -18.9631
3262 -18.9696
3263 -18.9761
3264 -18.9827
3265 -18.9892
3266 -18.9957
3267 -19.0022
3268 -19.0088
3269 -19.0153
3270 -19.0218
3271 -19.0283
3272 -19.0348
3273 -19.0414
3274 -19.0479
3275 -19.0544
3276 -19.0609
3277 -19.0674
3278 -19.074
3279 -19.0805
3280 -19.087
3281 -19.0935
3282 -19.1
3283 -19.1066
3284 -19.1131
3285 -19.1196
3286 -19.1261
3287 -19.1327
3288 -19.1392
3289 -19.1457
3290 -19.1522
3291 -19.1587
3292 -19.1653
3293 -19.1718
3294 -19.1783
3295 -19.1848
3296 -19.1913
3297 -19.1979
3298 -19.2044
3299 -19.2109
3300 -19.2174
3301 -19.224
3302 -19.2305
3303 -19.237
3304 -19.2435
3305 -19.25
3306 -19.2566
3307 -19.2631
3308 -19.2696
3309 -19.2761
3310 -19.2826
3311 -19.2892
3312 -19.2957
3313 -19.3022
3314 -19.3087
3315 -19.3152
3316 -19.3218
3317 -19.3283
3318 -19.3348
3319 -19.3413
3320 -19.3479
3321 -19.3544
3322 -19.3609
3323 -19.3674
3324 -19.3739
3325 -19.3805
3326 -19.387
3327 -19.3935
3328 -19.4
3329 -19.4065
3330 -19.4131
3331 -19.4196
3332 -19.4261
3333 -19.4326
3334 -19.4392
3335 -19.4457
3336 -19.4522
3337 -19.4587
3338 -19.4652
3339 -19.4718
3340 -19.4783
3341 -19.4848
3342 -19.4913
3343 -19.4978
3344 -19.5044
3345 -19.5109
3346 -19.5174
3347 -19.5239
3348 -19.5304
3349 -19.537
3350 -19.5435
3351 -19.55
3352 -19.5565
3353 -19.5631
3354 -19.5696
3355 -19.5761
3356 -19.5826
3357 -19.5891
3358 -19.5957
3359 -19.6022
3360 -19.6087
3361 -19.6152
3362 -19.6217
3363 -19.6283
3364 -19.6348
3365 -19.6413
3366 -19.6478
3367 -19.6544
3368 -19.6609
3369 -19.6674
3370 -19.6739
3371 -19.6804
3372 -19.687
3373 -19.6935
3374 -19.7
3375 -19.7065
3376 -19.713
3377 -19.7196
3378 -19.7261
3379 -19.7326
3380 -19.7391
3381 -19.7456
3382 -19.7522
3383 -19.7587
3384 -19.7652
3385 -19.7717
3386 -19.7783
3387 -19.7848
3388 -19.7913
3389 -19.7978
3390 -19.8043
3391 -19.8109
3392 -19.8174
3393 -19.8239
3394 -19.8304
3395 -19.8369
3396 -19.8435
3397 -19.85
3398 -19.8565
3399 -19.863
3400 -19.8696
3401 -19.8761
3402 -19.8826
3403 -19.8891
3404 -19.8956
3405 -19.9022
3406 -19.9087
3407 -19.9152
3408 -19.9217
3409 -19.9282
3410 -19.9348
3411 -19.9413
3412 -19.9478
3413 -19.9543
3414 -19.9608
3415 -19.9674
3416 -19.9739
3417 -19.9804
3418 -19.9869
3419 -19.9935
3420 -20
3421 -20.0065
3422 -20.013
3423 -20.0195
3424 -20.0261
3425 -20.0326
3426 -20.0391
3427 -20.0456
3428 -20.0521
3429 -20.0587
3430 -20.0652
3431 -20.0717
3432 -20.0782
3433 -20.0848
3434 -20.0913
3435 -20.0978
3436 -20.1043
3437 -20.1108
3438 -20.1174
3439 -20.1239
3440 -20.1304
3441 -20.1369
3442 -20.1434
3443 -20.15
3444 -20.1565
3445 -20.163
3446 -20.1695
3447 -20.176
3448 -20.1826
3449 -20.1891
3450 -20.1956
3451 -20.2021
3452 -20.2087
3453 -20.2152
3454 -20.2217
3455 -20.2282
3456 -20.2347
3457 -20.2413
3458 -20.2478
3459 -20.2543
3460 -20.2608
3461 -20.2673
3462 -20.2739
3463 -20.2804
3464 -20.2869
3465 -20.2934
3466 -20.3
3467 -20.3065
3468 -20.313
3469 -20.3195
3470 -20.326
3471 -20.3326
3472 -20.3391
3473 -20.3456
3474 -20.3521
3475 -20.3586
3476 -20.3652
3477 -20.3717
3478 -20.3782
3479 -20.3847
3480 -20.3913
3481 -20.3978
3482 -20.4043
3483 -20.4108
3484 -20.4173
3485 -20.4239
3486 -20.4304
3487 -20.4369
3488 -20.4434
3489 -20.4499
3490 -20.4565
3491 -20.463
3492 -20.4695
3493 -20.476
3494 -20.4825
3495 -20.4891
3496 -20.4956
3497 -20.5021
3498 -20.5086
3499 -20.5152
3500 -20.5217
3501 -20.5282
3502 -20.5347
3503 -20.5412
3504 -20.5478
3505 -20.5543
3506 -20.5608
3507 -20.5673
3508 -20.5738
3509 -20.5804
3510 -20.5869
3511 -20.5934
3512 -20.5999
3513 -20.6064
3514 -20.613
3515 -20.6195
3516 -20.626
3517 -20.6325
3518 -20.6391
3519 -20.6456
3520 -20.6521
3521 -20.6586
3522 -20.6651
3523 -20.6717
3524 -20.6782
3525 -20.6847
3526 -20.6912
3527 -20.6977
3528 -20.7043
3529 -20.7108
3530 -20.7173
3531 -20.7238
3532 -20.7304
3533 -20.7369
3534 -20.7434
3535 -20.7499
3536 -20.7564
3537 -20.763
3538 -20.7695
3539 -20.776
3540 -20.7825
3541 -20.789
3542 -20.7956
3543 -20.8021
3544 -20.8086
3545 -20.8151
3546 -20.8216
3547 -20.8282
3548 -20.8347
3549 -20.8412
3550 -20.8477
3551 -20.8543
3552 -20.8608
3553 -20.8673
3554 -20.8738
3555 -20.8803
3556 -20.8869
3557 -20.8934
3558 -20.8999
3559 -20.9064
3560 -20.9129
3561 -20.9195
3562 -20.926
3563 -20.9325
3564 -20.939
3565 -20.9456
3566 -20.9521
3567 -20.9586
3568 -20.9651
3569 -20.9716
3570 -20.9782
3571 -20.9847
3572 -20.9912
3573 -20.9977
3574 -21.0042
3575 -21.0108
3576 -21.0173
3577 -21.0238
3578 -21.0303
3579 -21.0369
3580 -21.0434
3581 -21.0499
3582 -21.0564
3583 -21.0629
3584 -21.0695
3585 -21.076
3586 -21.0825
3587 -21.089
3588 -21.0955
3589 -21.1021
3590 -21.1086
3591 -21.1151
3592 -21.1216
3593 -21.1282
3594 -21.1347
3595 -21.1412
3596 -21.1477
3597 -21.1542
3598 -21.1608
3599 -21.1673
3600 -21.1738
3601 -21.1803
3602 -21.1868
3603 -21.1934
3604 -21.1999
3605 -21.2064
3606 -21.2129
3607 -21.2194
3608 -21.226
3609 -21.2325
3610 -21.239
3611 -21.2455
3612 -21.2521
3613 -21.2586
3614 -21.2651
3615 -21.2716
3616 -21.2781
3617 -21.2847
3618 -21.2912
3619 -21.2977
3620 -21.3042
3621 -21.3107
3622 -21.3173
3623 -21.3238
3624 -21.3303
3625 -21.3368
3626 -21.3433
3627 -21.3499
3628 -21.3564
3629 -21.3629
3630 -21.3694
3631 -21.376
3632 -21.3825
3633 -21.389
3634 -21.3955
3635 -21.402
3636 -21.4086
3637 -21.4151
3638 -21.4216
3639 -21.4281
3640 -21.4346
3641 -21.4412
3642 -21.4477
3643 -21.4542
3644 -21.4607
3645 -21.4672
3646 -21.4738
3647 -21.4803
3648 -21.4868
3649 -21.4933
3650 -21.4999
3651 -21.5064
3652 -21.5129
3653 -21.5194
3654 -21.5259
3655 -21.5325
3656 -21.539
3657 -21.5455
3658 -21.552
3659 -21.5585
3660 -21.5651
3661 -21.5716
3662 -21.5781
3663 -21.5846
3664 -21.5911
3665 -21.5977
3666 -21.6042
3667 -21.6107
3668 -21.6172
3669 -21.6238
3670 -21.6303
3671 -21.6368
3672 -21.6433
3673 -21.6498
3674 -21.6564
3675 -21.6629
3676 -21.6694
3677 -21.6759
3678 -21.6824
3679 -21.689
3680 -21.6955
3681 -21.702
3682 -21.7085
3683 -21.7151
3684 -21.7216
3685 -21.7281
3686 -21.7346
3687 -21.7411
3688 -21.7477
3689 -21.7542
3690 -21.7607
3691 -21.7672
3692 -21.7738
3693 -21.7803
3694 -21.7868
3695 -21.7933
3696 -21.7998
3697 -21.8064
3698 -21.8129
3699 -21.8194
3700 -21.8259
3701 -21.8324
3702 -21.839
3703 -21.8455
3704 -21.852
3705 -21.8585
3706 -21.865
3707 -21.8716
3708 -21.8781
3709 -21.8846
3710 -21.8911
3711 -21.8977
3712 -21.9042
3713 -21.9107
3714 -21.9172
3715 -21.9237
3716 -21.9303
3717 -21.9368
3718 -21.9433
3719 -21.9498
3720 -21.9563
3721 -21.9629
3722 -21.9694
3723 -21.9759
3724 -21.9824
3725 -21.9889
3726 -21.9955
3727 -22.002
3728 -22.0085
3729 -22.015
3730 -22.0216
3731 -22.0281
3732 -22.0346
3733 -22.0411
3734 -22.0476
3735 -22.0542
3736 -22.0607
3737 -22.0672
3738 -22.0737
3739 -22.0802
3740 -22.0868
3741 -22.0933
3742 -22.0998
3743 -22.1063
3744 -22.1129
3745 -22.1194
3746 -22.1259
3747 -22.1324
3748 -22.1389
3749 -22.1455
3750 -22.152
3751 -22.1585
3752 -22.165
3753 -22.1715
3754 -22.1781
3755 -22.1846
3756 -22.1911
3757 -22.1976
3758 -22.2041
3759 -22.2107
3760 -22.2172
3761 -22.2237
3762 -22.2302
3763 -22.2367
3764 -22.2433
3765 -22.2498
3766 -22.2563
3767 -22.2628
3768 -22.2693
3769 -22.2759
3770 -22.2824
3771 -22.2889
3772 -22.2954
3773 -22.302
3774 -22.3085
3775 -22.315
3776 -22.3215
3777 -22.328
3778 -22.3346
3779 -22.3411
3780 -22.3476
3781 -22.3541
3782 -22.3607
3783 -22.3672
3784 -22.3737
3785 -22.3802
3786 -22.3867
3787 -22.3933
3788 -22.3998
3789 -22.4063
3790 -22.4128
3791 -22.4193
3792 -22.4259
3793 -22.4324
3794 -22.4389
3795 -22.4454
3796 -22.4519
3797 -22.4585
3798 -22.465
3799 -22.4715
3800 -22.478
3801 -22.4845
3802 -22.4911
3803 -22.4976
3804 -22.5041
3805 -22.5106
3806 -22.5171
3807 -22.5237
3808 -22.5302
3809 -22.5367
3810 -22.5432
3811 -22.5498
3812 -22.5563
3813 -22.5628
3814 -22.5693
3815 -22.5759
3816 -22.5824
3817 -22.5889
3818 -22.5954
3819 -22.6019
3820 -22.6085
3821 -22.615
3822 -22.6215
3823 -22.628
3824 -22.6346
3825 -22.6411
3826 -22.6476
3827 -22.6541
3828 -22.6607
3829 -22.6672
3830 -22.6737
3831 -22.6802
3832 -22.6867
3833 -22.6933
3834 -22.6998
3835 -22.7063
3836 -22.7128
3837 -22.7193
3838 -22.7259
3839 -22.7324
3840 -22.7389
3841 -22.7454
3842 -22.7519
3843 -22.7585
3844 -22.765
3845 -22.7715
3846 -22.778
3847 -22.7845
3848 -22.791
3849 -22.7976
3850 -22.8041
3851 -22.8106
3852 -22.8171
3853 -22.8237
3854 -22.8302
3855 -22.8367
3856 -22.8432
3857 -22.8497
3858 -22.8563
3859 -22.8628
3860 -22.8693
3861 -22.8758
3862 -22.8823
3863 -22.8889
3864 -22.8954
3865 -22.9019
3866 -22.9084
3867 -22.9149
3868 -22.9214
3869 -22.928
3870 -22.9345
3871 -22.941
3872 -22.9475
3873 -22.9541
3874 -22.9606
3875 -22.9671
3876 -22.9736
3877 -22.9801
3878 -22.9867
3879 -22.9932
3880 -22.9997
3881 -23.0062
3882 -23.0127
3883 -23.0193
3884 -23.0258
