0 4.60767
1 4.13353
2 3.90494
3 3.74935
4 3.63026
5 3.53332
6 3.45134
7 3.38017
8 3.31719
9 3.26063
10 3.20926
11 3.16216
12 3.11866
13 3.07823
14 3.04046
15 3.00501
16 2.97163
17 2.94011
18 2.91026
19 2.88195
20 2.85506
21 2.82951
22 2.80522
23 2.78215
24 2.76025
25 2.73951
26 2.71993
27 2.70153
28 2.68432
29 2.66837
30 2.65374
31 2.64051
32 2.62878
33 2.61867
34 2.61034
35 2.60394
36 2.59965
37 2.59768
38 2.59823
39 2.60154
40 2.60781
41 2.61729
42 2.63018
43 2.64667
44 2.66692
45 2.69106
46 2.71917
47 2.75127
48 2.78734
49 2.82731
50 2.87105
51 2.9184
52 2.96916
53 3.02312
54 3.08005
55 3.13969
56 3.20181
57 3.26618
58 3.33257
59 3.40077
60 3.4706
61 3.54188
62 3.61444
63 3.68816
64 3.76291
65 3.83858
66 3.91507
67 3.99229
68 4.07019
69 4.14869
70 4.22774
71 4.30728
72 4.38729
73 4.46772
74 4.54855
75 4.62974
76 4.71127
77 4.79313
78 4.87528
79 4.95773
80 5.04044
81 5.12342
82 5.20664
83 5.29011
84 5.3738
85 5.45771
86 5.54183
87 5.62616
88 5.71069
89 5.79542
90 5.88033
91 5.96542
92 6.05069
93 6.13614
94 6.22175
95 6.30753
96 6.39346
97 6.47956
98 6.5658
99 6.6522
100 6.73874
101 6.82543
102 6.91225
103 6.99922
104 7.08631
105 7.17354
106 7.2609
107 7.34838
108 7.43599
109 7.52372
110 7.61156
111 7.69952
112 7.7876
113 7.87579
114 7.96409
115 8.05249
116 8.14101
117 8.22962
118 8.31834
119 8.40716
120 8.49607
121 8.58508
122 8.67419
123 8.76339
124 8.85268
125 8.94206
126 9.03152
127 9.12108
128 9.21072
129 9.30044
130 9.39024
131 9.48013
132 9.57009
133 9.66014
134 9.75026
135 9.84045
136 9.93072
137 10.0211
138 10.1115
139 10.202
140 10.2925
141 10.3831
142 10.4738
143 10.5646
144 10.6554
145 10.7463
146 10.8372
147 10.9282
148 11.0193
149 11.1104
150 11.2016
151 11.2928
152 11.3841
153 11.4755
154 11.5669
155 11.6584
156 11.7499
157 11.8415
158 11.9331
159 12.0248
160 12.1165
161 12.2083
162 12.3001
163 12.392
164 12.4839
165 12.5759
166 12.6679
167 12.7599
168 12.852
169 12.9442
170 13.0364
171 13.1286
172 13.2209
173 13.3132
174 13.4055
175 13.4979
176 13.5904
177 13.6828
178 13.7754
179 13.8679
180 13.9605
181 14.0531
182 14.1458
183 14.2385
184 14.3312
185 14.424
186 14.5168
187 14.6096
188 14.7025
189 14.7954
190 14.8883
191 14.9813
192 15.0743
193 15.1673
194 15.2603
195 15.3534
196 15.4465
197 15.5397
198 15.6329
199 15.7261
200 15.8193
201 15.9126
202 16.0058
203 16.0992
204 16.1925
205 16.2859
206 16.3793
207 16.4727
208 16.5661
209 16.6596
210 16.7531
211 16.8466
212 16.9401
213 17.0337
214 17.1273
215 17.2209
216 17.3145
217 17.4081
218 17.5018
219 17.5955
220 17.6892
221 17.783
222 17.8767
223 17.9705
224 18.0643
225 18.1581
226 18.252
227 18.3458
228 18.4397
229 18.5336
230 18.6275
231 18.7214
232 18.8154
233 18.9093
234 19.0033
235 19.0973
236 19.1913
237 19.2854
238 19.3794
239 19.4735
240 19.5676
241 19.6617
242 19.7558
243 19.8499
244 19.9441
245 20.0382
246 20.1324
247 20.2266
248 20.3208
249 20.415
250 20.5093
251 20.6035
252 20.6978
253 20.792
254 20.8863
255 20.9806
256 21.0749
257 21.1693
258 21.2636
259 21.358
260 21.4523
261 21.5467
262 21.6411
263 21.7355
264 21.8299
265 21.9243
266 22.0188
267 22.1132
268 22.2077
269 22.3022
270 22.3966
271 22.4911
272 22.5856
273 22.6801
274 22.7747
275 22.8692
276 22.9637
277 23.0583
278 23.1529
279 23.2474
280 23.342
281 23.4366
282 23.5312
283 23.6258
284 23.7204
285 23.8151
286 23.9097
287 24.0043
288 24.099
289 24.1936
290 24.2883
291 24.383
292 24.4777
293 24.5724
294 24.6671
295 24.7618
296 24.8565
297 24.9512
298 25.046
299 25.1407
300 25.2354
301 25.3302
302 25.425
303 25.5197
304 25.6145
305 25.7093
306 25.8041
307 25.8989
308 25.9937
309 26.0885
310 26.1833
311 26.2781
312 26.373
313 26.4678
314 26.5626
315 26.6575
316 26.7523
317 26.8472
318 26.942
319 27.0369
320 27.1318
321 27.2267
322 27.3216
323 27.4165
324 27.5113
325 27.6063
326 27.7012
327 27.7961
328 27.891
329 27.9859
330 28.0808
331 28.1758
332 28.2707
333 28.3657
334 28.4606
335 28.5555
336 28.6505
337 28.7455
338 28.8404
339 28.9354
340 29.0304
341 29.1254
342 29.2203
343 29.3153
344 29.4103
345 29.5053
346 29.6003
347 29.6953
348 29.7903
349 29.8853
350 29.9803
351 30.0754
352 30.1704
353 30.2654
354 30.3604
355 30.4555
356 30.5505
357 30.6455
358 30.7406
359 30.8356
360 30.9307
361 31.0257
362 31.1208
363 31.2158
364 31.3109
365 31.406
366 31.501
367 31.5961
368 31.6912
369 31.7863
370 31.8814
371 31.9764
372 32.0715
373 32.1666
374 32.2617
375 32.3568
376 32.4519
377 32.547
378 32.6421
379 32.7372
380 32.8323
381 32.9274
382 33.0225
383 33.1177
384 33.2128
385 33.3079
386 33.403
387 33.4982
388 33.5933
389 33.6884
390 33.7835
391 33.8787
392 33.9738
393 34.069
394 34.1641
395 34.2592
396 34.3544
397 34.4495
398 34.5447
399 34.6398
400 34.735
401 34.8302
402 34.9253
403 35.0205
404 35.1156
405 35.2108
406 35.306
407 35.4011
408 35.4963
409 35.5915
410 35.6866
411 35.7818
412 35.877
413 35.9722
414 36.0674
415 36.1625
416 36.2577
417 36.3529
418 36.4481
419 36.5433
420 36.6385
421 36.7337
422 36.8288
423 36.924
424 37.0192
425 37.1144
426 37.2096
427 37.3048
428 37.4
429 37.4952
430 37.5904
431 37.6856
432 37.7809
433 37.8761
434 37.9713
435 38.0665
436 38.1617
437 38.2569
438 38.3521
439 38.4473
440 38.5426
441 38.6378
442 38.733
443 38.8282
444 38.9234
445 39.0187
446 39.1139
447 39.2091
448 39.3043
449 39.3996
450 39.4948
451 39.59
452 39.6852
453 39.7805
454 39.8757
455 39.9709
456 40.0662
457 40.1614
458 40.2566
459 40.3519
460 40.4471
461 40.5424
462 40.6376
463 40.7328
464 40.8281
465 40.9233
466 41.0186
467 41.1138
468 41.209
469 41.3043
470 41.3995
471 41.4948
472 41.59
473 41.6853
474 41.7805
475 41.8758
476 41.971
477 42.0663
478 42.1615
479 42.2568
480 42.352
481 42.4473
482 42.5426
483 42.6378
484 42.7331
485 42.8283
486 42.9236
487 43.0188
488 43.1141
489 43.2094
490 43.3046
491 43.3999
492 43.4952
493 43.5904
494 43.6857
495 43.7809
496 43.8762
497 43.9715
498 44.0667
499 44.162
500 44.2573
501 44.3525
502 44.4478
503 44.5431
504 44.6383
505 44.7336
506 44.8289
507 44.9242
508 45.0194
509 45.1147
510 45.21
511 45.3052
512 45.4005
513 45.4958
514 45.5911
515 45.6863
516 45.7816
517 45.8769
518 45.9722
519 46.0674
520 46.1627
521 46.258
522 46.3533
523 46.4485
524 46.5438
525 46.6391
526 46.7344
527 46.8297
528 46.9249
529 47.0202
530 47.1155
531 47.2108
532 47.3061
533 47.4013
534 47.4966
535 47.5919
536 47.6872
537 47.7825
538 47.8778
539 47.973
540 48.0683
541 48.1636
542 48.2589
543 48.3542
544 48.4495
545 48.5448
546 48.64
547 48.7353
548 48.8306
549 48.9259
550 49.0212
551 49.1165
552 49.2118
553 49.307
554 49.4023
555 49.4976
556 49.5929
557 49.6882
558 49.7835
559 49.8788
560 49.9741
561 50.0694
562 50.1647
563 50.2599
564 50.3552
565 50.4505
566 50.5458
567 50.6411
568 50.7364
569 50.8317
570 50.927
571 51.0223
572 51.1176
573 51.2129
574 51.3082
575 51.4035
576 51.4987
577 51.594
578 51.6893
579 51.7846
580 51.8799
581 51.9752
582 52.0705
583 52.1658
584 52.2611
585 52.3564
586 52.4517
587 52.547
588 52.6423
589 52.7376
590 52.8329
591 52.9282
592 53.0235
593 53.1188
594 53.2141
595 53.3094
596 53.4047
597 53.5
598 53.5953
599 53.6906
600 53.7859
601 53.8812
602 53.9764
603 54.0717
604 54.167
605 54.2623
606 54.3576
607 54.4529
608 54.5482
609 54.6435
610 54.7388
611 54.8341
612 54.9294
613 55.0247
614 55.12
615 55.2153
616 55.3106
617 55.4059
618 55.5012
619 55.5965
620 55.6918
621 55.7871
622 55.8824
623 55.9777
624 56.073
625 56.1683
626 56.2637
627 56.359
628 56.4543
629 56.5496
630 56.6449
631 56.7402
632 56.8355
633 56.9308
634 57.0261
635 57.1214
636 57.2167
637 57.312
638 57.4073
639 57.5026
640 57.5979
641 57.6932
642 57.7885
643 57.8838
644 57.9791
645 58.0744
646 58.1697
647 58.265
648 58.3603
649 58.4556
650 58.5509
651 58.6462
652 58.7415
653 58.8368
654 58.9321
655 59.0274
656 59.1227
657 59.218
658 59.3134
659 59.4087
660 59.504
661 59.5993
662 59.6946
663 59.7899
664 59.8852
665 59.9805
666 60.0758
667 60.1711
668 60.2664
669 60.3617
670 60.457
671 60.5523
672 60.6476
673 60.7429
674 60.8382
675 60.9335
676 61.0288
677 61.1241
678 61.2195
679 61.3148
680 61.4101
681 61.5054
682 61.6007
683 61.696
684 61.7913
685 61.8866
686 61.9819
687 62.0772
688 62.1725
689 62.2678
690 62.3631
691 62.4584
692 62.5537
693 62.649
694 62.7444
695 62.8397
696 62.935
697 63.0303
698 63.1256
699 63.2209
700 63.3162
701 63.4115
702 63.5068
703 63.6021
704 63.6974
705 63.7927
706 63.888
707 63.9833
708 64.0786
709 64.174
710 64.2693
711 64.3646
712 64.4599
713 64.5552
714 64.6505
715 64.7458
716 64.8411
717 64.9364
718 65.0317
719 65.127
720 65.2223
721 65.3176
722 65.413
723 65.5083
724 65.6036
725 65.6989
726 65.7942
727 65.8895
728 65.9848
729 66.0801
730 66.1754
731 66.2707
732 66.366
733 66.4613
734 66.5566
735 66.652
736 66.7473
737 66.8426
738 66.9379
739 67.0332
740 67.1285
741 67.2238
742 67.3191
743 67.4144
744 67.5097
745 67.605
746 67.7003
747 67.7957
748 67.891
749 67.9863
750 68.0816
751 68.1769
752 68.2722
753 68.3675
754 68.4628
755 68.5581
756 68.6534
757 68.7487
758 68.844
759 68.9394
760 69.0347
761 69.13
762 69.2253
763 69.3206
764 69.4159
765 69.5112
766 69.6065
767 69.7018
768 69.7971
769 69.8924
770 69.9877
771 70.0831
772 70.1784
773 70.2737
774 70.369
775 70.4643
776 70.5596
777 70.6549
778 70.7502
779 70.8455
780 70.9408
781 71.0361
782 71.1315
783 71.2268
784 71.3221
785 71.4174
786 71.5127
787 71.608
788 71.7033
789 71.7986
790 71.8939
791 71.9892
792 72.0845
793 72.1799
794 72.2752
795 72.3705
796 72.4658
797 72.5611
798 72.6564
799 72.7517
800 72.847
801 72.9423
802 73.0376
803 73.1329
804 73.2283
805 73.3236
806 73.4189
807 73.5142
808 73.6095
809 73.7048
810 73.8001
811 73.8954
812 73.9907
813 74.086
814 74.1814
815 74.2767
816 74.372
817 74.4673
818 74.5626
819 74.6579
820 74.7532
821 74.8485
822 74.9438
823 75.0391
824 75.1344
825 75.2298
826 75.3251
827 75.4204
828 75.5157
829 75.611
830 75.7063
831 75.8016
832 75.8969
833 75.9922
834 76.0875
835 76.1828
836 76.2782
837 76.3735
838 76.4688
839 76.5641
840 76.6594
841 76.7547
842 76.85
843 76.9453
844 77.0406
845 77.1359
846 77.2313
847 77.3266
848 77.4219
849 77.5172
850 77.6125
851 77.7078
852 77.8031
853 77.8984
854 77.9937
855 78.089
856 78.1844
857 78.2797
858 78.375
859 78.4703
860 78.5656
861 78.6609
862 78.7562
863 78.8515
864 78.9468
865 79.0421
866 79.1374
867 79.2328
868 79.3281
869 79.4234
870 79.5187
871 79.614
872 79.7093
873 79.8046
874 79.8999
875 79.9952
876 80.0905
877 80.1859
878 80.2812
879 80.3765
880 80.4718
881 80.5671
882 80.6624
883 80.7577
884 80.853
885 80.9483
886 81.0436
887 81.139
888 81.2343
889 81.3296
890 81.4249
891 81.5202
892 81.6155
893 81.7108
894 81.8061
895 81.9014
896 81.9967
897 82.0921
898 82.1874
899 82.2827
900 82.378
901 82.4733
902 82.5686
903 82.6639
904 82.7592
905 82.8545
906 82.9498
907 83.0452
908 83.1405
909 83.2358
910 83.3311
911 83.4264
912 83.5217
913 83.617
914 83.7123
915 83.8076
916 83.9029
917 83.9983
918 84.0936
919 84.1889
920 84.2842
921 84.3795
922 84.4748
923 84.5701
924 84.6654
925 84.7607
926 84.856
927 84.9514
928 85.0467
929 85.142
930 85.2373
931 85.3326
932 85.4279
933 85.5232
934 85.6185
935 85.7138
936 85.8091
937 85.9045
938 85.9998
939 86.0951
940 86.1904
941 86.2857
942 86.381
943 86.4763
944 86.5716
945 86.6669
946 86.7622
947 86.8576
948 86.9529
949 87.0482
950 87.1435
951 87.2388
952 87.3341
953 87.4294
954 87.5247
955 87.62
956 87.7153
957 87.8107
958 87.906
959 88.0013
960 88.0966
961 88.1919
962 88.2872
963 88.3825
964 88.4778
965 88.5731
966 88.6684
967 88.7638
968 88.8591
969 88.9544
970 89.0497
971 89.145
972 89.2403
973 89.3356
974 89.4309
975 89.5262
976 89.6215
977 89.7169
978 89.8122
979 89.9075
980 90.0028
981 90.0981
982 90.1934
983 90.2887
984 90.384
985 90.4793
986 90.5746
987 90.67
988 90.7653
989 90.8606
990 90.9559
991 91.0512
992 91.1465
993 91.2418
994 91.3371
995 91.4324
996 91.5277
997 91.6231
998 91.7184
999 91.8137
1000 91.909
1001 92.0043
1002 92.0996
1003 92.1949
1004 92.2902
1005 92.3855
1006 92.4808
1007 92.5762
1008 92.6715
1009 92.7668
1010 92.8621
1011 92.9574
1012 93.0527
1013 93.148
1014 93.2433
1015 93.3386
1016 93.4339
1017 93.5293
1018 93.6246
1019 93.7199
1020 93.8152
1021 93.9105
1022 94.0058
1023 94.1011
1024 94.1964
1025 94.2917
1026 94.3871
1027 94.4824
1028 94.5777
1029 94.673
1030 94.7683
1031 94.8636
1032 94.9589
1033 95.0542
1034 95.1495
1035 95.2448
1036 95.3402
1037 95.4355
1038 95.5308
1039 95.6261
1040 95.7214
1041 95.8167
1042 95.912
1043 96.0073
1044 96.1026
1045 96.1979
1046 96.2933
1047 96.3886
1048 96.4839
1049 96.5792
1050 96.6745
1051 96.7698
1052 96.8651
1053 96.9604
1054 97.0557
1055 97.151
1056 97.2464
1057 97.3417
1058 97.437
1059 97.5323
1060 97.6276
1061 97.7229
1062 97.8182
1063 97.9135
1064 98.0088
1065 98.1041
1066 98.1995
1067 98.2948
1068 98.3901
1069 98.4854
1070 98.5807
1071 98.676
1072 98.7713
1073 98.8666
1074 98.9619
1075 99.0572
1076 99.1526
1077 99.2479
1078 99.3432
1079 99.4385
1080 99.5338
1081 99.6291
1082 99.7244
1083 99.8197
1084 99.915
1085 100.01
1086 100.106
1087 100.201
1088 100.296
1089 100.392
1090 100.487
1091 100.582
1092 100.678
1093 100.773
1094 100.868
1095 100.963
1096 101.059
1097 101.154
1098 101.249
1099 101.345
1100 101.44
1101 101.535
1102 101.631
1103 101.726
1104 101.821
1105 101.917
1106 102.012
1107 102.107
1108 102.202
1109 102.298
1110 102.393
1111 102.488
1112 102.584
1113 102.679
1114 102.774
1115 102.87
1116 102.965
1117 103.06
1118 103.156
1119 103.251
1120 103.346
1121 103.442
1122 103.537
1123 103.632
1124 103.727
1125 103.823
1126 103.918
1127 104.013
1128 104.109
1129 104.204
1130 104.299
1131 104.395
1132 104.49
1133 104.585
1134 104.681
1135 104.776
1136 104.871
1137 104.966
1138 105.062
1139 105.157
1140 105.252
1141 105.348
1142 105.443
1143 105.538
1144 105.634
1145 105.729
1146 105.824
1147 105.92
1148 106.015
1149 106.11
1150 106.206
1151 106.301
1152 106.396
1153 106.491
1154 106.587
1155 106.682
1156 106.777
1157 106.873
1158 106.968
1159 107.063
1160 107.159
1161 107.254
1162 107.349
1163 107.445
1164 107.54
1165 107.635
1166 107.73
1167 107.826
1168 107.921
1169 108.016
1170 108.112
1171 108.207
1172 108.302
1173 108.398
1174 108.493
1175 108.588
1176 108.684
1177 108.779
1178 108.874
1179 108.97
1180 109.065
1181 109.16
1182 109.255
1183 109.351
1184 109.446
1185 109.541
1186 109.637
1187 109.732
1188 109.827
1189 109.923
1190 110.018
1191 110.113
1192 110.209
1193 110.304
1194 110.399
1195 110.494
1196 110.59
1197 110.685
1198 110.78
1199 110.876
1200 110.971
1201 111.066
1202 111.162
1203 111.257
1204 111.352
1205 111.448
1206 111.543
1207 111.638
1208 111.734
1209 111.829
1210 111.924
1211 112.019
1212 112.115
1213 112.21
1214 112.305
1215 112.401
1216 112.496
1217 112.591
1218 112.687
1219 112.782
1220 112.877
1221 112.973
1222 113.068
1223 113.163
1224 113.258
1225 113.354
1226 113.449
1227 113.544
1228 113.64
1229 113.735
1230 113.83
1231 113.926
1232 114.021
1233 114.116
1234 114.212
1235 114.307
1236 114.402
1237 114.497
1238 114.593
1239 114.688
1240 114.783
1241 114.879
1242 114.974
1243 115.069
1244 115.165
1245 115.26
1246 115.355
1247 115.451
1248 115.546
1249 115.641
1250 115.737
1251 115.832
1252 115.927
1253 116.022
1254 116.118
1255 116.213
1256 116.308
1257 116.404
1258 116.499
1259 116.594
1260 116.69
1261 116.785
1262 116.88
1263 116.976
1264 117.071
1265 117.166
1266 117.261
1267 117.357
1268 117.452
1269 117.547
1270 117.643
1271 117.738
1272 117.833
1273 117.929
1274 118.024
1275 118.119
1276 118.215
1277 118.31
1278 118.405
1279 118.501
1280 118.596
1281 118.691
1282 118.786
1283 118.882
1284 118.977
1285 119.072
1286 119.168
1287 119.263
1288 119.358
1289 119.454
1290 119.549
1291 119.644
1292 119.74
1293 119.835
1294 119.93
1295 120.025
1296 120.121
1297 120.216
1298 120.311
1299 120.407
1300 120.502
1301 120.597
1302 120.693
1303 120.788
1304 120.883
1305 120.979
1306 121.074
1307 121.169
1308 121.265
1309 121.36
1310 121.455
1311 121.55
1312 121.646
1313 121.741
1314 121.836
1315 121.932
1316 122.027
1317 122.122
1318 122.218
1319 122.313
1320 122.408
1321 122.504
1322 122.599
1323 122.694
1324 122.789
1325 122.885
1326 122.98
1327 123.075
1328 123.171
1329 123.266
1330 123.361
1331 123.457
1332 123.552
1333 123.647
1334 123.743
1335 123.838
1336 123.933
1337 124.029
1338 124.124
1339 124.219
1340 124.314
1341 124.41
1342 124.505
1343 124.6
1344 124.696
1345 124.791
1346 124.886
1347 124.982
1348 125.077
1349 125.172
1350 125.268
1351 125.363
1352 125.458
1353 125.553
1354 125.649
1355 125.744
1356 125.839
1357 125.935
1358 126.03
1359 126.125
1360 126.221
1361 126.316
1362 126.411
1363 126.507
1364 126.602
1365 126.697
1366 126.793
1367 126.888
1368 126.983
1369 127.078
1370 127.174
1371 127.269
1372 127.364
1373 127.46
1374 127.555
1375 127.65
1376 127.746
1377 127.841
1378 127.936
1379 128.032
1380 128.127
1381 128.222
1382 128.317
1383 128.413
1384 128.508
1385 128.603
1386 128.699
1387 128.794
1388 128.889
1389 128.985
1390 129.08
1391 129.175
1392 129.271
1393 129.366
1394 129.461
1395 129.557
1396 129.652
1397 129.747
1398 129.842
1399 129.938
1400 130.033
1401 130.128
1402 130.224
1403 130.319
1404 130.414
1405 130.51
1406 130.605
1407 130.7
1408 130.796
1409 130.891
1410 130.986
1411 131.081
1412 131.177
1413 131.272
1414 131.367
1415 131.463
1416 131.558
1417 131.653
1418 131.749
1419 131.844
1420 131.939
1421 132.035
1422 132.13
1423 132.225
1424 132.32
1425 132.416
1426 132.511
1427 132.606
1428 132.702
1429 132.797
1430 132.892
1431 132.988
1432 133.083
1433 133.178
1434 133.274
1435 133.369
1436 133.464
1437 133.56
1438 133.655
1439 133.75
1440 133.845
1441 133.941
1442 134.036
1443 134.131
1444 134.227
1445 134.322
1446 134.417
1447 134.513
1448 134.608
1449 134.703
1450 134.799
1451 134.894
1452 134.989
1453 135.084
1454 135.18
1455 135.275
1456 135.37
1457 135.466
1458 135.561
1459 135.656
1460 135.752
1461 135.847
1462 135.942
1463 136.038
1464 136.133
1465 136.228
1466 136.324
1467 136.419
1468 136.514
1469 136.609
1470 136.705
1471 136.8
1472 136.895
1473 136.991
1474 137.086
1475 137.181
1476 137.277
1477 137.372
1478 137.467
1479 137.563
1480 137.658
1481 137.753
1482 137.848
1483 137.944
1484 138.039
1485 138.134
1486 138.23
1487 138.325
1488 138.42
1489 138.516
1490 138.611
1491 138.706
1492 138.802
1493 138.897
1494 138.992
1495 139.088
1496 139.183
1497 139.278
1498 139.373
1499 139.469
1500 139.564
1501 139.659
1502 139.755
1503 139.85
1504 139.945
1505 140.041
1506 140.136
1507 140.231
1508 140.327
1509 140.422
1510 140.517
1511 140.612
1512 140.708
1513 140.803
1514 140.898
1515 140.994
1516 141.089
1517 141.184
1518 141.28
1519 141.375
1520 141.47
1521 141.566
1522 141.661
1523 141.756
1524 141.852
1525 141.947
1526 142.042
1527 142.137
1528 142.233
1529 142.328
1530 142.423
1531 142.519
1532 142.614
1533 142.709
1534 142.805
1535 142.9
1536 142.995
1537 143.091
1538 143.186
1539 143.281
1540 143.376
1541 143.472
1542 143.567
1543 143.662
1544 143.758
1545 143.853
1546 143.948
1547 144.044
1548 144.139
1549 144.234
1550 144.33
1551 144.425
1552 144.52
1553 144.616
1554 144.711
1555 144.806
1556 144.901
1557 144.997
1558 145.092
1559 145.187
1560 145.283
1561 145.378
1562 145.473
1563 145.569
1564 145.664
1565 145.759
1566 145.855
1567 145.95
1568 146.045
1569 146.14
1570 146.236
1571 146.331
1572 146.426
1573 146.522
1574 146.617
1575 146.712
1576 146.808
1577 146.903
1578 146.998
1579 147.094
1580 147.189
1581 147.284
1582 147.38
1583 147.475
1584 147.57
1585 147.665
1586 147.761
1587 147.856
1588 147.951
1589 148.047
1590 148.142
1591 148.237
1592 148.333
1593 148.428
1594 148.523
1595 148.619
1596 148.714
1597 148.809
1598 148.904
1599 149
1600 149.095
1601 149.19
1602 149.286
1603 149.381
1604 149.476
1605 149.572
1606 149.667
1607 149.762
1608 149.858
1609 149.953
1610 150.048
1611 150.144
1612 150.239
1613 150.334
1614 150.429
1615 150.525
1616 150.62
1617 150.715
1618 150.811
1619 150.906
1620 151.001
1621 151.097
1622 151.192
1623 151.287
1624 151.383
1625 151.478
1626 151.573
1627 151.668
1628 151.764
1629 151.859
1630 151.954
1631 152.05
1632 152.145
1633 152.24
1634 152.336
1635 152.431
1636 152.526
1637 152.622
1638 152.717
1639 152.812
1640 152.907
1641 153.003
1642 153.098
1643 153.193
1644 153.289
1645 153.384
1646 153.479
1647 153.575
1648 153.67
1649 153.765
1650 153.861
1651 153.956
1652 154.051
1653 154.147
1654 154.242
1655 154.337
1656 154.432
1657 154.528
1658 154.623
1659 154.718
1660 154.814
1661 154.909
1662 155.004
1663 155.1
1664 155.195
1665 155.29
1666 155.386
1667 155.481
1668 155.576
1669 155.671
1670 155.767
1671 155.862
1672 155.957
1673 156.053
1674 156.148
1675 156.243
1676 156.339
1677 156.434
1678 156.529
1679 156.625
1680 156.72
1681 156.815
1682 156.911
1683 157.006
1684 157.101
1685 157.196
1686 157.292
1687 157.387
1688 157.482
1689 157.578
1690 157.673
1691 157.768
1692 157.864
1693 157.959
1694 158.054
1695 158.15
1696 158.245
1697 158.34
1698 158.435
1699 158.531
1700 158.626
1701 158.721
1702 158.817
1703 158.912
1704 159.007
1705 159.103
1706 159.198
1707 159.293
1708 159.389
1709 159.484
1710 159.579
1711 159.675
1712 159.77
1713 159.865
1714 159.96
1715 160.056
1716 160.151
1717 160.246
1718 160.342
1719 160.437
1720 160.532
1721 160.628
1722 160.723
1723 160.818
1724 160.914
1725 161.009
1726 161.104
1727 161.199
1728 161.295
1729 161.39
1730 161.485
1731 161.581
1732 161.676
1733 161.771
1734 161.867
1735 161.962
1736 162.057
1737 162.153
1738 162.248
1739 162.343
1740 162.439
1741 162.534
1742 162.629
1743 162.724
1744 162.82
1745 162.915
1746 163.01
1747 163.106
1748 163.201
1749 163.296
1750 163.392
1751 163.487
1752 163.582
1753 163.678
1754 163.773
1755 163.868
1756 163.963
1757 164.059
1758 164.154
1759 164.249
1760 164.345
1761 164.44
1762 164.535
1763 164.631
1764 164.726
1765 164.821
1766 164.917
1767 165.012
1768 165.107
1769 165.203
1770 165.298
1771 165.393
1772 165.488
1773 165.584
1774 165.679
1775 165.774
1776 165.87
1777 165.965
1778 166.06
1779 166.156
1780 166.251
1781 166.346
1782 166.442
1783 166.537
1784 166.632
1785 166.727
1786 166.823
1787 166.918
1788 167.013
1789 167.109
1790 167.204
1791 167.299
1792 167.395
1793 167.49
1794 167.585
1795 167.681
1796 167.776
1797 167.871
1798 167.967
1799 168.062
1800 168.157
1801 168.252
1802 168.348
1803 168.443
1804 168.538
1805 168.634
1806 168.729
1807 168.824
1808 168.92
1809 169.015
1810 169.11
1811 169.206
1812 169.301
1813 169.396
1814 169.491
1815 169.587
1816 169.682
1817 169.777
1818 169.873
1819 169.968
1820 170.063
1821 170.159
1822 170.254
1823 170.349
1824 170.445
1825 170.54
1826 170.635
1827 170.731
1828 170.826
1829 170.921
1830 171.016
1831 171.112
1832 171.207
1833 171.302
1834 171.398
1835 171.493
1836 171.588
1837 171.684
1838 171.779
1839 171.874
1840 171.97
1841 172.065
1842 172.16
1843 172.255
1844 172.351
1845 172.446
1846 172.541
1847 172.637
1848 172.732
1849 172.827
1850 172.923
1851 173.018
1852 173.113
1853 173.209
1854 173.304
1855 173.399
1856 173.494
1857 173.59
1858 173.685
1859 173.78
1860 173.876
1861 173.971
1862 174.066
1863 174.162
1864 174.257
1865 174.352
1866 174.448
1867 174.543
1868 174.638
1869 174.734
1870 174.829
1871 174.924
1872 175.019
1873 175.115
1874 175.21
1875 175.305
1876 175.401
1877 175.496
1878 175.591
1879 175.687
1880 175.782
1881 175.877
1882 175.973
1883 176.068
1884 176.163
1885 176.258
1886 176.354
1887 176.449
1888 176.544
1889 176.64
1890 176.735
1891 176.83
1892 176.926
1893 177.021
1894 177.116
1895 177.212
1896 177.307
1897 177.402
1898 177.498
1899 177.593
1900 177.688
1901 177.783
1902 177.879
1903 177.974
1904 178.069
1905 178.165
1906 178.26
1907 178.355
1908 178.451
1909 178.546
1910 178.641
1911 178.737
1912 178.832
1913 178.927
1914 179.022
1915 179.118
1916 179.213
1917 179.308
1918 179.404
1919 179.499
1920 179.594
1921 179.69
1922 179.785
1923 179.88
1924 179.976
1925 180.071
1926 180.166
1927 180.262
1928 180.357
1929 180.452
1930 180.547
1931 180.643
1932 180.738
1933 180.833
1934 180.929
1935 181.024
1936 181.119
1937 181.215
1938 181.31
1939 181.405
1940 181.501
1941 181.596
1942 181.691
1943 181.786
1944 181.882
1945 181.977
1946 182.072
1947 182.168
1948 182.263
1949 182.358
1950 182.454
1951 182.549
1952 182.644
1953 182.74
1954 182.835
1955 182.93
1956 183.026
1957 183.121
1958 183.216
1959 183.311
1960 183.407
1961 183.502
1962 183.597
1963 183.693
1964 183.788
1965 183.883
1966 183.979
1967 184.074
1968 184.169
1969 184.265
1970 184.36
1971 184.455
1972 184.55
1973 184.646
1974 184.741
1975 184.836
1976 184.932
1977 185.027
1978 185.122
1979 185.218
1980 185.313
1981 185.408
1982 185.504
1983 185.599
1984 185.694
1985 185.79
1986 185.885
1987 185.98
1988 186.075
1989 186.171
1990 186.266
1991 186.361
1992 186.457
1993 186.552
1994 186.647
1995 186.743
1996 186.838
1997 186.933
1998 187.029
1999 187.124
2000 187.219
2001 187.314
2002 187.41
2003 187.505
2004 187.6
2005 187.696
2006 187.791
2007 187.886
2008 187.982
2009 188.077
2010 188.172
2011 188.268
2012 188.363
2013 188.458
2014 188.554
2015 188.649
2016 188.744
2017 188.839
2018 188.935
2019 189.03
2020 189.125
2021 189.221
2022 189.316
2023 189.411
2024 189.507
2025 189.602
2026 189.697
2027 189.793
2028 189.888
2029 189.983
2030 190.078
2031 190.174
2032 190.269
2033 190.364
2034 190.46
2035 190.555
2036 190.65
2037 190.746
2038 190.841
2039 190.936
2040 191.032
2041 191.127
2042 191.222
2043 191.317
2044 191.413
2045 191.508
2046 191.603
2047 191.699
2048 191.794
2049 191.889
2050 191.985
2051 192.08
2052 192.175
2053 192.271
2054 192.366
2055 192.461
2056 192.557
2057 192.652
2058 192.747
2059 192.842
2060 192.938
2061 193.033
2062 193.128
2063 193.224
2064 193.319
2065 193.414
2066 193.51
2067 193.605
2068 193.7
2069 193.796
2070 193.891
2071 193.986
2072 194.081
2073 194.177
2074 194.272
2075 194.367
2076 194.463
2077 194.558
2078 194.653
2079 194.749
2080 194.844
2081 194.939
2082 195.035
2083 195.13
2084 195.225
2085 195.321
2086 195.416
2087 195.511
2088 195.606
2089 195.702
2090 195.797
2091 195.892
2092 195.988
2093 196.083
2094 196.178
2095 196.274
2096 196.369
2097 196.464
2098 196.56
2099 196.655
2100 196.75
2101 196.845
2102 196.941
2103 197.036
2104 197.131
2105 197.227
2106 197.322
2107 197.417
2108 197.513
2109 197.608
2110 197.703
2111 197.799
2112 197.894
2113 197.989
2114 198.085
2115 198.18
2116 198.275
2117 198.37
2118 198.466
2119 198.561
2120 198.656
2121 198.752
2122 198.847
2123 198.942
2124 199.038
2125 199.133
2126 199.228
2127 199.324
2128 199.419
2129 199.514
2130 199.609
2131 199.705
2132 199.8
2133 199.895
2134 199.991
2135 200.086
2136 200.181
2137 200.277
2138 200.372
2139 200.467
2140 200.563
2141 200.658
2142 200.753
2143 200.849
2144 200.944
2145 201.039
2146 201.134
2147 201.23
2148 201.325
2149 201.42
2150 201.516
2151 201.611
2152 201.706
2153 201.802
2154 201.897
2155 201.992
2156 202.088
2157 202.183
2158 202.278
2159 202.373
2160 202.469
2161 202.564
2162 202.659
2163 202.755
2164 202.85
2165 202.945
2166 203.041
2167 203.136
2168 203.231
2169 203.327
2170 203.422
2171 203.517
2172 203.613
2173 203.708
2174 203.803
2175 203.898
2176 203.994
2177 204.089
2178 204.184
2179 204.28
2180 204.375
2181 204.47
2182 204.566
2183 204.661
2184 204.756
2185 204.852
2186 204.947
2187 205.042
2188 205.137
2189 205.233
2190 205.328
2191 205.423
2192 205.519
2193 205.614
2194 205.709
2195 205.805
2196 205.9
2197 205.995
2198 206.091
2199 206.186
2200 206.281
2201 206.377
2202 206.472
2203 206.567
2204 206.662
2205 206.758
2206 206.853
2207 206.948
2208 207.044
2209 207.139
2210 207.234
2211 207.33
2212 207.425
2213 207.52
2214 207.616
2215 207.711
2216 207.806
2217 207.901
2218 207.997
2219 208.092
2220 208.187
2221 208.283
2222 208.378
2223 208.473
2224 208.569
2225 208.664
2226 208.759
2227 208.855
2228 208.95
2229 209.045
2230 209.141
2231 209.236
2232 209.331
2233 209.426
2234 209.522
2235 209.617
2236 209.712
2237 209.808
2238 209.903
2239 209.998
2240 210.094
2241 210.189
2242 210.284
2243 210.38
2244 210.475
2245 210.57
2246 210.665
2247 210.761
2248 210.856
2249 210.951
2250 211.047
2251 211.142
2252 211.237
2253 211.333
2254 211.428
2255 211.523
2256 211.619
2257 211.714
2258 211.809
2259 211.904
2260 212
2261 212.095
2262 212.19
2263 212.286
2264 212.381
2265 212.476
2266 212.572
2267 212.667
2268 212.762
2269 212.858
2270 212.953
2271 213.048
2272 213.144
2273 213.239
2274 213.334
2275 213.429
2276 213.525
2277 213.62
2278 213.715
2279 213.811
2280 213.906
2281 214.001
2282 214.097
2283 214.192
2284 214.287
2285 214.383
2286 214.478
2287 214.573
2288 214.668
2289 214.764
2290 214.859
2291 214.954
2292 215.05
2293 215.145
2294 215.24
2295 215.336
2296 215.431
2297 215.526
2298 215.622
2299 215.717
2300 215.812
2301 215.908
2302 216.003
2303 216.098
2304 216.193
2305 216.289
2306 216.384
2307 216.479
2308 216.575
2309 216.67
2310 216.765
2311 216.861
2312 216.956
2313 217.051
2314 217.147
2315 217.242
2316 217.337
2317 217.432
2318 217.528
2319 217.623
2320 217.718
2321 217.814
2322 217.909
2323 218.004
2324 218.1
2325 218.195
2326 218.29
2327 218.386
2328 218.481
2329 218.576
2330 218.672
2331 218.767
2332 218.862
2333 218.957
2334 219.053
2335 219.148
2336 219.243
2337 219.339
2338 219.434
2339 219.529
2340 219.625
2341 219.72
2342 219.815
2343 219.911
2344 220.006
2345 220.101
2346 220.196
2347 220.292
2348 220.387
2349 220.482
2350 220.578
2351 220.673
2352 220.768
2353 220.864
2354 220.959
2355 221.054
2356 221.15
2357 221.245
2358 221.34
2359 221.436
2360 221.531
2361 221.626
2362 221.721
2363 221.817
2364 221.912
2365 222.007
2366 222.103
2367 222.198
2368 222.293
2369 222.389
2370 222.484
2371 222.579
2372 222.675
2373 222.77
2374 222.865
2375 222.96
2376 223.056
2377 223.151
2378 223.246
2379 223.342
2380 223.437
2381 223.532
2382 223.628
2383 223.723
2384 223.818
2385 223.914
2386 224.009
2387 224.104
2388 224.2
2389 224.295
2390 224.39
2391 224.485
2392 224.581
2393 224.676
2394 224.771
2395 224.867
2396 224.962
2397 225.057
2398 225.153
2399 225.248
2400 225.343
2401 225.439
2402 225.534
2403 225.629
2404 225.724
2405 225.82
2406 225.915
2407 226.01
2408 226.106
2409 226.201
2410 226.296
2411 226.392
2412 226.487
2413 226.582
2414 226.678
2415 226.773
2416 226.868
2417 226.964
2418 227.059
2419 227.154
2420 227.249
2421 227.345
2422 227.44
2423 227.535
2424 227.631
2425 227.726
2426 227.821
2427 227.917
2428 228.012
2429 228.107
2430 228.203
2431 228.298
2432 228.393
2433 228.488
2434 228.584
2435 228.679
2436 228.774
2437 228.87
2438 228.965
2439 229.06
2440 229.156
2441 229.251
2442 229.346
2443 229.442
2444 229.537
2445 229.632
2446 229.728
2447 229.823
2448 229.918
2449 230.013
2450 230.109
2451 230.204
2452 230.299
2453 230.395
2454 230.49
2455 230.585
2456 230.681
2457 230.776
2458 230.871
2459 230.967
2460 231.062
2461 231.157
2462 231.252
2463 231.348
2464 231.443
2465 231.538
2466 231.634
2467 231.729
2468 231.824
2469 231.92
2470 232.015
2471 232.11
2472 232.206
2473 232.301
2474 232.396
2475 232.491
2476 232.587
2477 232.682
2478 232.777
2479 232.873
2480 232.968
2481 233.063
2482 233.159
2483 233.254
2484 233.349
2485 233.445
2486 233.54
2487 233.635
2488 233.731
2489 233.826
2490 233.921
2491 234.016
2492 234.112
2493 234.207
2494 234.302
2495 234.398
2496 234.493
2497 234.588
2498 234.684
2499 234.779
2500 234.874
2501 234.97
2502 235.065
2503 235.16
2504 235.255
2505 235.351
2506 235.446
2507 235.541
2508 235.637
2509 235.732
2510 235.827
2511 235.923
2512 236.018
2513 236.113
2514 236.209
2515 236.304
2516 236.399
2517 236.495
2518 236.59
2519 236.685
2520 236.78
2521 236.876
2522 236.971
2523 237.066
2524 237.162
2525 237.257
2526 237.352
2527 237.448
2528 237.543
2529 237.638
2530 237.734
2531 237.829
2532 237.924
2533 238.019
2534 238.115
2535 238.21
2536 238.305
2537 238.401
2538 238.496
2539 238.591
2540 238.687
2541 238.782
2542 238.877
2543 238.973
2544 239.068
2545 239.163
2546 239.259
2547 239.354
2548 239.449
2549 239.544
2550 239.64
2551 239.735
2552 239.83
2553 239.926
2554 240.021
2555 240.116
2556 240.212
2557 240.307
2558 240.402
2559 240.498
2560 240.593
2561 240.688
2562 240.783
2563 240.879
2564 240.974
2565 241.069
2566 241.165
2567 241.26
2568 241.355
2569 241.451
2570 241.546
2571 241.641
2572 241.737
2573 241.832
2574 241.927
2575 242.023
2576 242.118
2577 242.213
2578 242.308
2579 242.404
2580 242.499
2581 242.594
2582 242.69
2583 242.785
2584 242.88
2585 242.976
2586 243.071
2587 243.166
2588 243.262
2589 243.357
2590 243.452
2591 243.547
2592 243.643
2593 243.738
2594 243.833
2595 243.929
2596 244.024
2597 244.119
2598 244.215
2599 244.31
2600 244.405
2601 244.501
2602 244.596
2603 244.691
2604 244.787
2605 244.882
2606 244.977
2607 245.072
2608 245.168
2609 245.263
2610 245.358
2611 245.454
2612 245.549
2613 245.644
2614 245.74
2615 245.835
2616 245.93
2617 246.026
2618 246.121
2619 246.216
2620 246.311
2621 246.407
2622 246.502
2623 246.597
2624 246.693
2625 246.788
2626 246.883
2627 246.979
2628 247.074
2629 247.169
2630 247.265
2631 247.36
2632 247.455
2633 247.551
2634 247.646
2635 247.741
2636 247.836
2637 247.932
2638 248.027
2639 248.122
2640 248.218
2641 248.313
2642 248.408
2643 248.504
2644 248.599
2645 248.694
2646 248.79
2647 248.885
2648 248.98
2649 249.075
2650 249.171
2651 249.266
2652 249.361
2653 249.457
2654 249.552
2655 249.647
2656 249.743
2657 249.838
2658 249.933
2659 250.029
2660 250.124
2661 250.219
2662 250.315
2663 250.41
2664 250.505
2665 250.6
2666 250.696
2667 250.791
2668 250.886
2669 250.982
2670 251.077
2671 251.172
2672 251.268
2673 251.363
2674 251.458
2675 251.554
2676 251.649
2677 251.744
2678 251.839
2679 251.935
2680 252.03
2681 252.125
2682 252.221
2683 252.316
2684 252.411
2685 252.507
2686 252.602
2687 252.697
2688 252.793
2689 252.888
2690 252.983
2691 253.078
2692 253.174
2693 253.269
2694 253.364
2695 253.46
2696 253.555
2697 253.65
2698 253.746
2699 253.841
2700 253.936
2701 254.032
2702 254.127
2703 254.222
2704 254.318
2705 254.413
2706 254.508
2707 254.603
2708 254.699
2709 254.794
2710 254.889
2711 254.985
2712 255.08
2713 255.175
2714 255.271
2715 255.366
2716 255.461
2717 255.557
2718 255.652
2719 255.747
2720 255.842
2721 255.938
2722 256.033
2723 256.128
2724 256.224
2725 256.319
2726 256.414
2727 256.51
2728 256.605
2729 256.7
2730 256.796
2731 256.891
2732 256.986
2733 257.082
2734 257.177
2735 257.272
2736 257.367
2737 257.463
2738 257.558
2739 257.653
2740 257.749
2741 257.844
2742 257.939
2743 258.035
2744 258.13
2745 258.225
2746 258.321
2747 258.416
2748 258.511
2749 258.606
2750 258.702
2751 258.797
2752 258.892
2753 258.988
2754 259.083
2755 259.178
2756 259.274
2757 259.369
2758 259.464
2759 259.56
2760 259.655
2761 259.75
2762 259.846
2763 259.941
2764 260.036
2765 260.131
2766 260.227
2767 260.322
2768 260.417
2769 260.513
2770 260.608
2771 260.703
2772 260.799
2773 260.894
2774 260.989
2775 261.085
2776 261.18
2777 261.275
2778 261.37
2779 261.466
2780 261.561
2781 261.656
2782 261.752
2783 261.847
2784 261.942
2785 262.038
2786 262.133
2787 262.228
2788 262.324
2789 262.419
2790 262.514
2791 262.61
2792 262.705
2793 262.8
2794 262.895
2795 262.991
2796 263.086
2797 263.181
2798 263.277
2799 263.372
2800 263.467
2801 263.563
2802 263.658
2803 263.753
2804 263.849
2805 263.944
2806 264.039
2807 264.134
2808 264.23
2809 264.325
2810 264.42
2811 264.516
2812 264.611
2813 264.706
2814 264.802
2815 264.897
2816 264.992
2817 265.088
2818 265.183
2819 265.278
2820 265.374
2821 265.469
2822 265.564
2823 265.659
2824 265.755
2825 265.85
2826 265.945
2827 266.041
2828 266.136
2829 266.231
2830 266.327
2831 266.422
2832 266.517
2833 266.613
2834 266.708
2835 266.803
2836 266.898
2837 266.994
2838 267.089
2839 267.184
2840 267.28
2841 267.375
2842 267.47
2843 267.566
2844 267.661
2845 267.756
2846 267.852
2847 267.947
2848 268.042
2849 268.138
2850 268.233
2851 268.328
2852 268.423
2853 268.519
2854 268.614
2855 268.709
2856 268.805
2857 268.9
2858 268.995
2859 269.091
2860 269.186
2861 269.281
2862 269.377
2863 269.472
2864 269.567
2865 269.662
2866 269.758
2867 269.853
2868 269.948
2869 270.044
2870 270.139
2871 270.234
2872 270.33
2873 270.425
2874 270.52
2875 270.616
2876 270.711
2877 270.806
2878 270.902
2879 270.997
2880 271.092
2881 271.187
2882 271.283
2883 271.378
2884 271.473
2885 271.569
2886 271.664
2887 271.759
2888 271.855
2889 271.95
2890 272.045
2891 272.141
2892 272.236
2893 272.331
2894 272.426
2895 272.522
2896 272.617
2897 272.712
2898 272.808
2899 272.903
2900 272.998
2901 273.094
2902 273.189
2903 273.284
2904 273.38
2905 273.475
2906 273.57
2907 273.665
2908 273.761
2909 273.856
2910 273.951
2911 274.047
2912 274.142
2913 274.237
2914 274.333
2915 274.428
2916 274.523
2917 274.619
2918 274.714
2919 274.809
2920 274.905
2921 275
2922 275.095
2923 275.19
2924 275.286
2925 275.381
2926 275.476
2927 275.572
2928 275.667
2929 275.762
2930 275.858
2931 275.953
2932 276.048
2933 276.144
2934 276.239
2935 276.334
2936 276.429
2937 276.525
2938 276.62
2939 276.715
2940 276.811
2941 276.906
2942 277.001
2943 277.097
2944 277.192
2945 277.287
2946 277.383
2947 277.478
2948 277.573
2949 277.669
2950 277.764
2951 277.859
2952 277.954
2953 278.05
2954 278.145
2955 278.24
2956 278.336
2957 278.431
2958 278.526
2959 278.622
2960 278.717
2961 278.812
2962 278.908
2963 279.003
2964 279.098
2965 279.193
2966 279.289
2967 279.384
2968 279.479
2969 279.575
2970 279.67
2971 279.765
2972 279.861
2973 279.956
2974 280.051
2975 280.147
2976 280.242
2977 280.337
2978 280.433
2979 280.528
2980 280.623
2981 280.718
2982 280.814
2983 280.909
2984 281.004
2985 281.1
2986 281.195
2987 281.29
2988 281.386
2989 281.481
2990 281.576
2991 281.672
2992 281.767
2993 281.862
2994 281.957
2995 282.053
2996 282.148
2997 282.243
2998 282.339
2999 282.434
3000 282.529
3001 282.625
3002 282.72
3003 282.815
3004 282.911
3005 283.006
3006 283.101
3007 283.197
3008 283.292
3009 283.387
3010 283.482
3011 283.578
3012 283.673
3013 283.768
3014 283.864
3015 283.959
3016 284.054
3017 284.15
3018 284.245
3019 284.34
3020 284.436
3021 284.531
3022 284.626
3023 284.721
3024 284.817
3025 284.912
3026 285.007
3027 285.103
3028 285.198
3029 285.293
3030 285.389
3031 285.484
3032 285.579
3033 285.675
3034 285.77
3035 285.865
3036 285.961
3037 286.056
3038 286.151
3039 286.246
3040 286.342
3041 286.437
3042 286.532
3043 286.628
3044 286.723
3045 286.818
3046 286.914
3047 287.009
3048 287.104
3049 287.2
3050 287.295
3051 287.39
3052 287.485
3053 287.581
3054 287.676
3055 287.771
3056 287.867
3057 287.962
3058 288.057
3059 288.153
3060 288.248
3061 288.343
3062 288.439
3063 288.534
3064 288.629
3065 288.725
3066 288.82
3067 288.915
3068 289.01
3069 289.106
3070 289.201
3071 289.296
3072 289.392
3073 289.487
3074 289.582
3075 289.678
3076 289.773
3077 289.868
3078 289.964
3079 290.059
3080 290.154
3081 290.249
3082 290.345
3083 290.44
3084 290.535
3085 290.631
3086 290.726
3087 290.821
3088 290.917
3089 291.012
3090 291.107
3091 291.203
3092 291.298
3093 291.393
3094 291.488
3095 291.584
3096 291.679
3097 291.774
3098 291.87
3099 291.965
3100 292.06
3101 292.156
3102 292.251
3103 292.346
3104 292.442
3105 292.537
3106 292.632
3107 292.728
3108 292.823
3109 292.918
3110 293.013
3111 293.109
3112 293.204
3113 293.299
3114 293.395
3115 293.49
3116 293.585
3117 293.681
3118 293.776
3119 293.871
3120 293.967
3121 294.062
3122 294.157
3123 294.252
3124 294.348
3125 294.443
3126 294.538
3127 294.634
3128 294.729
3129 294.824
3130 294.92
3131 295.015
3132 295.11
3133 295.206
3134 295.301
3135 295.396
3136 295.492
3137 295.587
3138 295.682
3139 295.777
3140 295.873
3141 295.968
3142 296.063
3143 296.159
3144 296.254
3145 296.349
3146 296.445
3147 296.54
3148 296.635
3149 296.731
3150 296.826
3151 296.921
3152 297.016
3153 297.112
3154 297.207
3155 297.302
3156 297.398
3157 297.493
3158 297.588
3159 297.684
3160 297.779
3161 297.874
3162 297.97
3163 298.065
3164 298.16
3165 298.256
3166 298.351
3167 298.446
3168 298.541
3169 298.637
3170 298.732
3171 298.827
3172 298.923
3173 299.018
3174 299.113
3175 299.209
3176 299.304
3177 299.399
3178 299.495
3179 299.59
3180 299.685
3181 299.78
3182 299.876
3183 299.971
3184 300.066
3185 300.162
3186 300.257
3187 300.352
3188 300.448
3189 300.543
3190 300.638
3191 300.734
3192 300.829
3193 300.924
3194 301.02
3195 301.115
3196 301.21
3197 301.305
3198 301.401
3199 301.496
3200 301.591
3201 301.687
3202 301.782
3203 301.877
3204 301.973
3205 302.068
3206 302.163
3207 302.259
3208 302.354
3209 302.449
3210 302.544
3211 302.64
3212 302.735
3213 302.83
3214 302.926
3215 303.021
3216 303.116
3217 303.212
3218 303.307
3219 303.402
3220 303.498
3221 303.593
3222 303.688
3223 303.784
3224 303.879
3225 303.974
3226 304.069
3227 304.165
3228 304.26
3229 304.355
3230 304.451
3231 304.546
3232 304.641
3233 304.737
3234 304.832
3235 304.927
3236 305.023
3237 305.118
3238 305.213
3239 305.308
3240 305.404
3241 305.499
3242 305.594
3243 305.69
3244 305.785
3245 305.88
3246 305.976
3247 306.071
3248 306.166
3249 306.262
3250 306.357
3251 306.452
3252 306.548
3253 306.643
3254 306.738
3255 306.833
3256 306.929
3257 307.024
3258 307.119
3259 307.215
3260 307.31
3261 307.405
3262 307.501
3263 307.596
3264 307.691
3265 307.787
3266 307.882
3267 307.977
3268 308.072
3269 308.168
3270 308.263
3271 308.358
3272 308.454
3273 308.549
3274 308.644
3275 308.74
3276 308.835
3277 308.93
3278 309.026
3279 309.121
3280 309.216
3281 309.312
3282 309.407
3283 309.502
3284 309.597
3285 309.693
3286 309.788
3287 309.883
3288 309.979
3289 310.074
3290 310.169
3291 310.265
3292 310.36
3293 310.455
3294 310.551
3295 310.646
3296 310.741
3297 310.836
3298 310.932
3299 311.027
3300 311.122
3301 311.218
3302 311.313
3303 311.408
3304 311.504
3305 311.599
3306 311.694
3307 311.79
3308 311.885
3309 311.98
3310 312.075
3311 312.171
3312 312.266
3313 312.361
3314 312.457
3315 312.552
3316 312.647
3317 312.743
3318 312.838
3319 312.933
3320 313.029
3321 313.124
3322 313.219
3323 313.315
3324 313.41
3325 313.505
3326 313.6
3327 313.696
3328 313.791
3329 313.886
3330 313.982
3331 314.077
3332 314.172
3333 314.268
3334 314.363
3335 314.458
3336 314.554
3337 314.649
3338 314.744
3339 314.839
3340 314.935
3341 315.03
3342 315.125
3343 315.221
3344 315.316
3345 315.411
3346 315.507
3347 315.602
3348 315.697
3349 315.793
3350 315.888
3351 315.983
3352 316.079
3353 316.174
3354 316.269
3355 316.364
3356 316.46
3357 316.555
3358 316.65
3359 316.746
3360 316.841
3361 316.936
3362 317.032
3363 317.127
3364 317.222
3365 317.318
3366 317.413
3367 317.508
3368 317.603
3369 317.699
3370 317.794
3371 317.889
3372 317.985
3373 318.08
3374 318.175
3375 318.271
3376 318.366
3377 318.461
3378 318.557
3379 318.652
3380 318.747
3381 318.843
3382 318.938
3383 319.033
3384 319.128
3385 319.224
3386 319.319
3387 319.414
3388 319.51
3389 319.605
3390 319.7
3391 319.796
3392 319.891
3393 319.986
3394 320.082
3395 320.177
3396 320.272
3397 320.367
3398 320.463
3399 320.558
3400 320.653
3401 320.749
3402 320.844
3403 320.939
3404 321.035
3405 321.13
3406 321.225
3407 321.321
3408 321.416
3409 321.511
3410 321.607
3411 321.702
3412 321.797
3413 321.892
3414 321.988
3415 322.083
3416 322.178
3417 322.274
3418 322.369
3419 322.464
3420 322.56
3421 322.655
3422 322.75
3423 322.846
3424 322.941
3425 323.036
3426 323.131
3427 323.227
3428 323.322
3429 323.417
3430 323.513
3431 323.608
3432 323.703
3433 323.799
3434 323.894
3435 323.989
3436 324.085
3437 324.18
3438 324.275
3439 324.371
3440 324.466
3441 324.561
3442 324.656
3443 324.752
3444 324.847
3445 324.942
3446 325.038
3447 325.133
3448 325.228
3449 325.324
3450 325.419
3451 325.514
3452 325.61
3453 325.705
3454 325.8
3455 325.895
3456 325.991
3457 326.086
3458 326.181
3459 326.277
3460 326.372
3461 326.467
3462 326.563
3463 326.658
3464 326.753
3465 326.849
3466 326.944
3467 327.039
3468 327.135
3469 327.23
3470 327.325
3471 327.42
3472 327.516
3473 327.611
3474 327.706
3475 327.802
3476 327.897
3477 327.992
3478 328.088
3479 328.183
3480 328.278
3481 328.374
3482 328.469
3483 328.564
3484 328.659
3485 328.755
3486 328.85
3487 328.945
3488 329.041
3489 329.136
3490 329.231
3491 329.327
3492 329.422
3493 329.517
3494 329.613
3495 329.708
3496 329.803
3497 329.899
3498 329.994
3499 330.089
3500 330.184
3501 330.28
3502 330.375
3503 330.47
3504 330.566
3505 330.661
3506 330.756
3507 330.852
3508 330.947
3509 331.042
3510 331.138
3511 331.233
3512 331.328
3513 331.423
3514 331.519
3515 331.614
3516 331.709
3517 331.805
3518 331.9
3519 331.995
3520 332.091
3521 332.186
3522 332.281
3523 332.377
3524 332.472
3525 332.567
3526 332.662
3527 332.758
3528 332.853
3529 332.948
3530 333.044
3531 333.139
3532 333.234
3533 333.33
3534 333.425
3535 333.52
3536 333.616
3537 333.711
3538 333.806
3539 333.902
3540 333.997
3541 334.092
3542 334.187
3543 334.283
3544 334.378
3545 334.473
3546 334.569
3547 334.664
3548 334.759
3549 334.855
3550 334.95
3551 335.045
3552 335.141
3553 335.236
3554 335.331
3555 335.426
3556 335.522
3557 335.617
3558 335.712
3559 335.808
3560 335.903
3561 335.998
3562 336.094
3563 336.189
3564 336.284
3565 336.38
3566 336.475
3567 336.57
3568 336.666
3569 336.761
3570 336.856
3571 336.951
3572 337.047
3573 337.142
3574 337.237
3575 337.333
3576 337.428
3577 337.523
3578 337.619
3579 337.714
3580 337.809
3581 337.905
3582 338
3583 338.095
3584 338.19
3585 338.286
3586 338.381
3587 338.476
3588 338.572
3589 338.667
3590 338.762
3591 338.858
3592 338.953
3593 339.048
3594 339.144
3595 339.239
3596 339.334
3597 339.43
3598 339.525
3599 339.62
3600 339.715
3601 339.811
3602 339.906
3603 340.001
3604 340.097
3605 340.192
3606 340.287
3607 340.383
3608 340.478
3609 340.573
3610 340.669
3611 340.764
3612 340.859
3613 340.954
3614 341.05
3615 341.145
3616 341.24
3617 341.336
3618 341.431
3619 341.526
3620 341.622
3621 341.717
3622 341.812
3623 341.908
3624 342.003
3625 342.098
3626 342.194
3627 342.289
3628 342.384
3629 342.479
3630 342.575
3631 342.67
3632 342.765
3633 342.861
3634 342.956
3635 343.051
3636 343.147
3637 343.242
3638 343.337
3639 343.433
3640 343.528
3641 343.623
3642 343.718
3643 343.814
3644 343.909
3645 344.004
3646 344.1
3647 344.195
3648 344.29
3649 344.386
3650 344.481
3651 344.576
3652 344.672
3653 344.767
3654 344.862
3655 344.958
3656 345.053
3657 345.148
3658 345.243
3659 345.339
3660 345.434
3661 345.529
3662 345.625
3663 345.72
3664 345.815
3665 345.911
3666 346.006
3667 346.101
3668 346.197
3669 346.292
3670 346.387
3671 346.482
3672 346.578
3673 346.673
3674 346.768
3675 346.864
3676 346.959
3677 347.054
3678 347.15
3679 347.245
3680 347.34
3681 347.436
3682 347.531
3683 347.626
3684 347.722
3685 347.817
3686 347.912
3687 348.007
3688 348.103
3689 348.198
3690 348.293
3691 348.389
3692 348.484
3693 348.579
3694 348.675
3695 348.77
3696 348.865
3697 348.961
3698 349.056
3699 349.151
3700 349.246
3701 349.342
3702 349.437
3703 349.532
3704 349.628
3705 349.723
3706 349.818
3707 349.914
3708 350.009
3709 350.104
3710 350.2
3711 350.295
3712 350.39
3713 350.486
3714 350.581
3715 350.676
3716 350.771
3717 350.867
3718 350.962
3719 351.057
3720 351.153
3721 351.248
3722 351.343
3723 351.439
3724 351.534
3725 351.629
3726 351.725
3727 351.82
3728 351.915
3729 352.01
3730 352.106
3731 352.201
3732 352.296
3733 352.392
3734 352.487
3735 352.582
3736 352.678
3737 352.773
3738 352.868
3739 352.964
3740 353.059
3741 353.154
3742 353.249
3743 353.345
3744 353.44
3745 353.535
3746 353.631
3747 353.726
3748 353.821
3749 353.917
3750 354.012
3751 354.107
3752 354.203
3753 354.298
3754 354.393
3755 354.489
3756 354.584
3757 354.679
3758 354.774
3759 354.87
3760 inf
3761 inf
3762 inf
3763 inf
3764 inf
3765 inf
3766 inf
3767 inf
3768 inf
3769 inf
3770 inf
3771 inf
3772 inf
3773 inf
3774 inf
3775 inf
3776 inf
3777 inf
3778 inf
3779 inf
3780 inf
3781 inf
3782 inf
3783 inf
3784 inf
3785 inf
3786 inf
3787 inf
3788 inf
3789 inf
3790 inf
3791 inf
3792 inf
3793 inf
3794 inf
3795 inf
3796 inf
3797 inf
3798 inf
3799 inf
3800 inf
3801 inf
3802 inf
3803 inf
3804 inf
3805 inf
3806 inf
3807 inf
3808 inf
3809 inf
3810 inf
3811 inf
3812 inf
3813 inf
3814 inf
3815 inf
3816 inf
3817 inf
3818 inf
3819 inf
3820 inf
3821 inf
3822 inf
3823 inf
3824 inf
3825 inf
3826 inf
3827 inf
3828 inf
3829 inf
3830 inf
3831 inf
3832 inf
3833 inf
3834 inf
3835 inf
3836 inf
3837 inf
3838 inf
3839 inf
3840 inf
3841 inf
3842 inf
3843 inf
3844 inf
3845 inf
3846 inf
3847 inf
3848 inf
3849 inf
3850 inf
3851 inf
3852 inf
3853 inf
3854 inf
3855 inf
3856 inf
3857 inf
3858 inf
3859 inf
3860 inf
3861 inf
3862 inf
3863 inf
3864 inf
3865 inf
3866 inf
3867 inf
3868 inf
3869 inf
3870 inf
3871 inf
3872 inf
3873 inf
3874 inf
3875 inf
3876 inf
3877 inf
3878 inf
3879 inf
3880 inf
3881 inf
3882 inf
3883 inf
3884 inf
3885 inf
3886 inf
3887 inf
3888 inf
3889 inf
3890 inf
3891 inf
3892 inf
3893 inf
3894 inf
3895 inf
3896 inf
3897 inf
3898 inf
3899 inf
3900 inf
3901 inf
3902 inf
3903 inf
3904 inf
3905 inf
3906 inf
3907 inf
3908 inf
3909 inf
3910 inf
3911 inf
3912 inf
3913 inf
3914 inf
3915 inf
3916 inf
3917 inf
3918 inf
3919 inf
3920 inf
3921 inf
3922 inf
3923 inf
3924 inf
3925 inf
3926 inf
3927 inf
3928 inf
3929 inf
3930 inf
3931 inf
3932 inf
3933 inf
3934 inf
3935 inf
3936 inf
3937 inf
3938 inf
3939 inf
3940 inf
3941 inf
3942 inf
3943 inf
3944 inf
3945 inf
3946 inf
3947 inf
3948 inf
3949 inf
3950 inf
3951 inf
3952 inf
3953 inf
3954 inf
3955 inf
3956 inf
3957 inf
3958 inf
3959 inf
3960 inf
3961 inf
3962 inf
3963 inf
3964 inf
3965 inf
3966 inf
3967 inf
3968 inf
3969 inf
3970 inf
3971 inf
3972 inf
3973 inf
3974 inf
3975 inf
3976 inf
3977 inf
3978 inf
3979 inf
3980 inf
3981 inf
3982 inf
3983 inf
3984 inf
3985 inf
3986 inf
3987 inf
3988 inf
3989 inf
3990 inf
3991 inf
3992 inf
3993 inf
3994 inf
3995 inf
3996 inf
3997 inf
3998 inf
3999 inf
4000 inf
4001 inf
4002 inf
4003 inf
4004 inf
4005 inf
4006 inf
4007 inf
4008 inf
4009 inf
4010 inf
4011 inf
4012 inf
4013 inf
4014 inf
4015 inf
4016 inf
4017 inf
4018 inf
4019 inf
4020 inf
4021 inf
4022 inf
4023 inf
4024 inf
4025 inf
4026 inf
4027 inf
4028 inf
4029 inf
4030 inf
4031 inf
4032 inf
4033 inf
4034 inf
4035 inf
4036 inf
4037 inf
4038 inf
4039 inf
4040 inf
4041 inf
4042 inf
4043 inf
4044 inf
4045 inf
4046 inf
4047 inf
4048 inf
4049 inf
4050 inf
4051 inf
4052 inf
4053 inf
4054 inf
4055 inf
4056 inf
4057 inf
4058 inf
4059 inf
4060 inf
4061 inf
4062 inf
4063 inf
4064 inf
4065 inf
4066 inf
4067 inf
4068 inf
4069 inf
4070 inf
4071 inf
4072 inf
4073 inf
4074 inf
4075 inf
4076 inf
4077 inf
4078 inf
4079 inf
4080 inf
4081 inf
4082 inf
4083 inf
4084 inf
4085 inf
4086 inf
4087 inf
4088 inf
4089 inf
4090 inf
4091 inf
4092 inf
4093 inf
4094 inf
4095 inf
4096 inf
4097 inf
4098 inf
4099 inf
4100 inf
4101 inf
4102 inf
4103 inf
4104 inf
4105 inf
4106 inf
4107 inf
4108 inf
4109 inf
4110 inf
4111 inf
4112 inf
4113 inf
4114 inf
4115 inf
4116 inf
4117 inf
4118 inf
4119 inf
4120 inf
4121 inf
4122 inf
4123 inf
4124 inf
4125 inf
4126 inf
4127 inf
4128 inf
4129 inf
4130 inf
4131 inf
4132 inf
4133 inf
4134 inf
4135 inf
4136 inf
4137 inf
4138 inf
4139 inf
4140 inf
4141 inf
4142 inf
4143 inf
4144 inf
4145 inf
4146 inf
4147 inf
4148 inf
4149 inf
4150 inf
4151 inf
4152 inf
4153 inf
4154 inf
4155 inf
4156 inf
4157 inf
4158 inf
4159 inf
4160 inf
4161 inf
4162 inf
4163 inf
4164 inf
4165 inf
4166 inf
4167 inf
4168 inf
4169 inf
4170 inf
4171 inf
4172 inf
4173 inf
4174 inf
4175 inf
4176 inf
4177 inf
4178 inf
4179 inf
4180 inf
4181 inf
4182 inf
4183 inf
4184 inf
4185 inf
4186 inf
4187 inf
4188 inf
4189 inf
4190 inf
4191 inf
4192 inf
4193 inf
4194 inf
4195 inf
4196 inf
4197 inf
4198 inf
4199 inf
4200 inf
4201 inf
4202 inf
4203 inf
4204 inf
4205 inf
4206 inf
4207 inf
4208 inf
4209 inf
4210 inf
4211 inf
4212 inf
4213 inf
4214 inf
4215 inf
4216 inf
4217 inf
4218 inf
4219 inf
4220 inf
4221 inf
4222 inf
4223 inf
4224 inf
4225 inf
4226 inf
4227 inf
4228 inf
4229 inf
4230 inf
4231 inf
4232 inf
4233 inf
4234 inf
4235 inf
4236 inf
4237 inf
4238 inf
4239 inf
4240 inf
4241 inf
4242 inf
4243 inf
4244 inf
4245 inf
4246 inf
4247 inf
4248 inf
4249 inf
4250 inf
4251 inf
4252 inf
4253 inf
4254 inf
4255 inf
4256 inf
4257 inf
4258 inf
4259 inf
4260 inf
4261 inf
4262 inf
4263 inf
4264 inf
4265 inf
4266 inf
4267 inf
4268 inf
4269 inf
4270 inf
4271 inf
4272 inf
4273 inf
4274 inf
4275 inf
4276 inf
4277 inf
4278 inf
4279 inf
4280 inf
4281 inf
4282 inf
4283 inf
4284 inf
4285 inf
4286 inf
4287 inf
4288 inf
4289 inf
4290 inf
4291 inf
4292 inf
4293 inf
4294 inf
4295 inf
4296 inf
4297 inf
4298 inf
4299 inf
4300 inf
4301 inf
4302 inf
4303 inf
4304 inf
4305 inf
4306 inf
4307 inf
4308 inf
4309 inf
4310 inf
4311 inf
4312 inf
4313 inf
4314 inf
4315 inf
4316 inf
4317 inf
4318 inf
4319 inf
4320 inf
4321 inf
4322 inf
4323 inf
4324 inf
4325 inf
4326 inf
4327 inf
4328 inf
4329 inf
4330 inf
4331 inf
4332 inf
4333 inf
4334 inf
4335 inf
4336 inf
4337 inf
4338 inf
4339 inf
4340 inf
4341 inf
4342 inf
4343 inf
4344 inf
4345 inf
4346 inf
4347 inf
4348 inf
4349 inf
4350 inf
4351 inf
4352 inf
4353 inf
4354 inf
4355 inf
4356 inf
4357 inf
4358 inf
4359 inf
4360 inf
4361 inf
4362 inf
4363 inf
4364 inf
4365 inf
4366 inf
4367 inf
4368 inf
4369 inf
4370 inf
4371 inf
4372 inf
4373 inf
4374 inf
4375 inf
4376 inf
4377 inf
4378 inf
4379 inf
4380 inf
4381 inf
4382 inf
4383 inf
4384 inf
4385 inf
4386 inf
4387 inf
4388 inf
4389 inf
4390 inf
4391 inf
4392 inf
4393 inf
4394 inf
4395 inf
4396 inf
4397 inf
4398 inf
4399 inf
4400 inf
4401 inf
4402 inf
4403 inf
4404 inf
4405 inf
4406 inf
4407 inf
4408 inf
4409 inf
4410 inf
4411 inf
4412 inf
4413 inf
4414 inf
4415 inf
4416 inf
4417 inf
4418 inf
4419 inf
4420 inf
4421 inf
4422 inf
4423 inf
4424 inf
4425 inf
4426 inf
4427 inf
4428 inf
4429 inf
4430 inf
4431 inf
4432 inf
4433 inf
4434 inf
4435 inf
4436 inf
4437 inf
4438 inf
4439 inf
4440 inf
4441 inf
4442 inf
4443 inf
4444 inf
4445 inf
4446 inf
4447 inf
4448 inf
4449 inf
4450 inf
4451 inf
4452 inf
4453 inf
4454 inf
4455 inf
4456 inf
4457 inf
4458 inf
4459 inf
4460 inf
4461 inf
4462 inf
4463 inf
4464 inf
4465 inf
4466 inf
4467 inf
4468 inf
4469 inf
4470 inf
4471 inf
4472 inf
4473 inf
4474 inf
4475 inf
4476 inf
4477 inf
4478 inf
4479 inf
4480 inf
4481 inf
4482 inf
4483 inf
4484 inf
4485 inf
4486 inf
4487 inf
4488 inf
4489 inf
4490 inf
4491 inf
4492 inf
4493 inf
4494 inf
4495 inf
4496 inf
4497 inf
4498 inf
4499 inf
4500 inf
4501 inf
4502 inf
4503 inf
4504 inf
4505 inf
4506 inf
4507 inf
4508 inf
4509 inf
4510 inf
4511 inf
4512 inf
4513 inf
4514 inf
4515 inf
4516 inf
4517 inf
4518 inf
4519 inf
4520 inf
4521 inf
4522 inf
4523 inf
4524 inf
4525 inf
4526 inf
4527 inf
4528 inf
4529 inf
4530 inf
4531 inf
4532 inf
4533 inf
4534 inf
4535 inf
4536 inf
4537 inf
4538 inf
4539 inf
4540 inf
4541 inf
4542 inf
4543 inf
4544 inf
4545 inf
4546 inf
4547 inf
4548 inf
4549 inf
4550 inf
4551 inf
4552 inf
4553 inf
4554 inf
4555 inf
4556 inf
4557 inf
4558 inf
4559 inf
4560 inf
4561 inf
4562 inf
4563 inf
4564 inf
4565 inf
4566 inf
4567 inf
4568 inf
4569 inf
4570 inf
4571 inf
4572 inf
4573 inf
4574 inf
4575 inf
4576 inf
4577 inf
4578 inf
4579 inf
4580 inf
4581 inf
4582 inf
4583 inf
4584 inf
4585 inf
4586 inf
4587 inf
4588 inf
4589 inf
4590 inf
4591 inf
4592 inf
4593 inf
4594 inf
4595 inf
4596 inf
4597 inf
4598 inf
4599 inf
4600 inf
4601 inf
4602 inf
4603 inf
4604 inf
4605 inf
4606 inf
4607 inf
4608 inf
4609 inf
4610 inf
4611 inf
4612 inf
4613 inf
4614 inf
4615 inf
4616 inf
4617 inf
4618 inf
4619 inf
4620 inf
4621 inf
4622 inf
4623 inf
4624 inf
4625 inf
4626 inf
4627 inf
4628 inf
4629 inf
4630 inf
4631 inf
4632 inf
4633 inf
4634 inf
4635 inf
4636 inf
4637 inf
4638 inf
4639 inf
4640 inf
4641 inf
4642 inf
4643 inf
4644 inf
4645 inf
4646 inf
4647 inf
4648 inf
4649 inf
4650 inf
4651 inf
4652 inf
4653 inf
4654 inf
4655 inf
4656 inf
4657 inf
4658 inf
4659 inf
4660 inf
4661 inf
4662 inf
4663 inf
4664 inf
4665 inf
4666 inf
4667 inf
4668 inf
4669 inf
4670 inf
4671 inf
4672 inf
4673 inf
4674 inf
4675 inf
4676 inf
4677 inf
4678 inf
4679 inf
4680 inf
4681 inf
4682 inf
4683 inf
4684 inf
4685 inf
4686 inf
4687 inf
4688 inf
4689 inf
4690 inf
4691 inf
4692 inf
4693 inf
4694 inf
4695 inf
4696 inf
4697 inf
4698 inf
4699 inf
4700 inf
4701 inf
4702 inf
4703 inf
4704 inf
4705 inf
4706 inf
4707 inf
4708 inf
4709 inf
4710 inf
4711 inf
4712 inf
4713 inf
4714 inf
4715 inf
4716 inf
4717 inf
4718 inf
4719 inf
4720 inf
4721 inf
4722 inf
4723 inf
4724 inf
4725 inf
4726 inf
4727 inf
4728 inf
4729 inf
4730 inf
4731 inf
4732 inf
4733 inf
4734 inf
4735 inf
4736 inf
4737 inf
4738 inf
4739 inf
4740 inf
4741 inf
4742 inf
4743 inf
4744 inf
4745 inf
4746 inf
4747 inf
4748 inf
4749 inf
4750 inf
4751 inf
4752 inf
4753 inf
4754 inf
4755 inf
4756 inf
4757 inf
4758 inf
4759 inf
4760 inf
4761 inf
4762 inf
4763 inf
4764 inf
4765 inf
4766 inf
4767 inf
4768 inf
4769 inf
4770 inf
4771 inf
4772 inf
4773 inf
4774 inf
4775 inf
4776 inf
4777 inf
4778 inf
4779 inf
4780 inf
4781 inf
4782 inf
4783 inf
4784 inf
4785 inf
4786 inf
4787 inf
4788 inf
4789 inf
4790 inf
4791 inf
4792 inf
4793 inf
4794 inf
4795 inf
4796 inf
4797 inf
4798 inf
4799 inf
4800 inf
4801 inf
4802 inf
4803 inf
4804 inf
4805 inf
4806 inf
4807 inf
4808 inf
4809 inf
4810 inf
4811 inf
4812 inf
4813 inf
4814 inf
4815 inf
4816 inf
4817 inf
4818 inf
4819 inf
4820 inf
4821 inf
4822 inf
4823 inf
4824 inf
4825 inf
4826 inf
4827 inf
4828 inf
4829 inf
4830 inf
4831 inf
4832 inf
4833 inf
4834 inf
4835 inf
4836 inf
4837 inf
4838 inf
4839 inf
4840 inf
4841 inf
4842 inf
4843 inf
4844 inf
4845 inf
4846 inf
4847 inf
4848 inf
4849 inf
4850 inf
4851 inf
4852 inf
4853 inf
4854 inf
4855 inf
4856 inf
4857 inf
4858 inf
4859 inf
4860 inf
4861 inf
4862 inf
4863 inf
4864 inf
4865 inf
4866 inf
4867 inf
4868 inf
4869 inf
4870 inf
4871 inf
4872 inf
4873 inf
4874 inf
4875 inf
4876 inf
4877 inf
4878 inf
4879 inf
4880 inf
4881 inf
4882 inf
4883 inf
4884 inf
4885 inf
4886 inf
4887 inf
4888 inf
4889 inf
4890 inf
4891 inf
4892 inf
4893 inf
4894 inf
4895 inf
4896 inf
4897 inf
4898 inf
4899 inf
4900 inf
4901 inf
4902 inf
4903 inf
4904 inf
4905 inf
4906 inf
4907 inf
4908 inf
4909 inf
4910 inf
4911 inf
4912 inf
4913 inf
4914 inf
4915 inf
4916 inf
4917 inf
4918 inf
4919 inf
4920 inf
4921 inf
4922 inf
4923 inf
4924 inf
4925 inf
4926 inf
4927 inf
4928 inf
4929 inf
4930 inf
4931 inf
4932 inf
4933 inf
4934 inf
4935 inf
4936 inf
4937 inf
4938 inf
4939 inf
4940 inf
4941 inf
4942 inf
4943 inf
4944 inf
4945 inf
4946 inf
4947 inf
4948 inf
4949 inf
4950 inf
4951 inf
4952 inf
4953 inf
4954 inf
4955 inf
4956 inf
4957 inf
4958 inf
4959 inf
4960 inf
4961 inf
4962 inf
4963 inf
4964 inf
4965 inf
4966 inf
4967 inf
4968 inf
4969 inf
4970 inf
4971 inf
4972 inf
4973 inf
4974 inf
4975 inf
4976 inf
4977 inf
4978 inf
4979 inf
4980 inf
4981 inf
4982 inf
4983 inf
4984 inf
4985 inf
4986 inf
4987 inf
4988 inf
4989 inf
4990 inf
4991 inf
4992 inf
4993 inf
4994 inf
4995 inf
4996 inf
4997 inf
4998 inf
4999 inf
5000 inf
5001 inf
5002 inf
5003 inf
5004 inf
5005 inf
5006 inf
5007 inf
5008 inf
5009 inf
5010 inf
5011 inf
5012 inf
5013 inf
5014 inf
5015 inf
5016 inf
5017 inf
5018 inf
5019 inf
5020 inf
5021 inf
5022 inf
5023 inf
5024 inf
5025 inf
5026 inf
5027 inf
5028 inf
5029 inf
5030 inf
5031 inf
5032 inf
5033 inf
5034 inf
5035 inf
5036 inf
5037 inf
5038 inf
5039 inf
5040 inf
5041 inf
5042 inf
5043 inf
5044 inf
5045 inf
5046 inf
5047 inf
5048 inf
5049 inf
5050 inf
5051 inf
5052 inf
5053 inf
5054 inf
5055 inf
5056 inf
5057 inf
5058 inf
5059 inf
5060 inf
5061 inf
5062 inf
5063 inf
5064 inf
5065 inf
5066 inf
5067 inf
5068 inf
5069 inf
5070 inf
5071 inf
5072 inf
5073 inf
5074 inf
5075 inf
5076 inf
5077 inf
5078 inf
5079 inf
5080 inf
5081 inf
5082 inf
5083 inf
5084 inf
5085 inf
5086 inf
5087 inf
5088 inf
5089 inf
5090 inf
5091 inf
5092 inf
5093 inf
5094 inf
5095 inf
5096 inf
5097 inf
5098 inf
5099 inf
5100 inf
5101 inf
5102 inf
5103 inf
5104 inf
5105 inf
5106 inf
5107 inf
5108 inf
5109 inf
5110 inf
5111 inf
5112 inf
5113 inf
5114 inf
5115 inf
5116 inf
5117 inf
5118 inf
5119 inf
5120 inf
5121 inf
5122 inf
5123 inf
5124 inf
5125 inf
5126 inf
5127 inf
5128 inf
5129 inf
5130 inf
5131 inf
5132 inf
5133 inf
5134 inf
5135 inf
5136 inf
5137 inf
5138 inf
5139 inf
5140 inf
5141 inf
5142 inf
5143 inf
5144 inf
5145 inf
5146 inf
5147 inf
5148 inf
5149 inf
5150 inf
5151 inf
5152 inf
5153 inf
5154 inf
5155 inf
5156 inf
5157 inf
5158 inf
5159 inf
5160 inf
5161 inf
5162 inf
5163 inf
5164 inf
5165 inf
5166 inf
5167 inf
5168 inf
5169 inf
5170 inf
5171 inf
5172 inf
5173 inf
5174 inf
5175 inf
5176 inf
5177 inf
5178 inf
5179 inf
5180 inf
5181 inf
5182 inf
5183 inf
5184 inf
5185 inf
5186 inf
5187 inf
5188 inf
5189 inf
5190 inf
5191 inf
5192 inf
5193 inf
5194 inf
5195 inf
5196 inf
5197 inf
5198 inf
5199 inf
5200 inf
5201 inf
5202 inf
5203 inf
5204 inf
5205 inf
5206 inf
5207 inf
5208 inf
5209 inf
5210 inf
5211 inf
5212 inf
5213 inf
5214 inf
5215 inf
5216 inf
5217 inf
5218 inf
5219 inf
5220 inf
5221 inf
5222 inf
5223 inf
5224 inf
5225 inf
5226 inf
5227 inf
5228 inf
5229 inf
5230 inf
5231 inf
5232 inf
5233 inf
5234 inf
5235 inf
5236 inf
5237 inf
5238 inf
5239 inf
5240 inf
5241 inf
5242 inf
5243 inf
5244 inf
5245 inf
5246 inf
5247 inf
5248 inf
5249 inf
5250 inf
5251 inf
5252 inf
5253 inf
5254 inf
5255 inf
5256 inf
5257 inf
5258 inf
5259 inf
5260 inf
5261 inf
5262 inf
5263 inf
5264 inf
5265 inf
5266 inf
5267 inf
5268 inf
5269 inf
5270 inf
5271 inf
5272 inf
5273 inf
5274 inf
5275 inf
5276 inf
5277 inf
5278 inf
5279 inf
5280 inf
5281 inf
5282 inf
5283 inf
5284 inf
5285 inf
5286 inf
5287 inf
5288 inf
5289 inf
5290 inf
5291 inf
5292 inf
5293 inf
5294 inf
5295 inf
5296 inf
5297 inf
5298 inf
5299 inf
5300 inf
5301 inf
5302 inf
5303 inf
5304 inf
5305 inf
5306 inf
5307 inf
5308 inf
5309 inf
5310 inf
5311 inf
5312 inf
5313 inf
5314 inf
5315 inf
5316 inf
5317 inf
5318 inf
5319 inf
5320 inf
5321 inf
5322 inf
5323 inf
5324 inf
5325 inf
5326 inf
5327 inf
5328 inf
5329 inf
5330 inf
5331 inf
5332 inf
5333 inf
5334 inf
5335 inf
5336 inf
5337 inf
5338 inf
5339 inf
5340 inf
5341 inf
5342 inf
5343 inf
5344 inf
5345 inf
5346 inf
5347 inf
5348 inf
5349 inf
5350 inf
5351 inf
5352 inf
5353 inf
5354 inf
5355 inf
5356 inf
5357 inf
5358 inf
5359 inf
5360 inf
5361 inf
5362 inf
5363 inf
5364 inf
5365 inf
5366 inf
5367 inf
5368 inf
5369 inf
5370 inf
5371 inf
5372 inf
5373 inf
5374 inf
5375 inf
5376 inf
5377 inf
5378 inf
5379 inf
5380 inf
5381 inf
5382 inf
5383 inf
5384 inf
5385 inf
5386 inf
5387 inf
5388 inf
5389 inf
5390 inf
5391 inf
5392 inf
5393 inf
5394 inf
5395 inf
5396 inf
5397 inf
5398 inf
5399 inf
5400 inf
5401 inf
5402 inf
5403 inf
5404 inf
5405 inf
5406 inf
5407 inf
5408 inf
5409 inf
5410 inf
5411 inf
5412 inf
5413 inf
5414 inf
5415 inf
5416 inf
5417 inf
5418 inf
5419 inf
5420 inf
5421 inf
5422 inf
5423 inf
5424 inf
5425 inf
5426 inf
5427 inf
5428 inf
5429 inf
5430 inf
5431 inf
5432 inf
5433 inf
5434 inf
5435 inf
5436 inf
5437 inf
5438 inf
5439 inf
5440 inf
5441 inf
5442 inf
5443 inf
5444 inf
5445 inf
5446 inf
5447 inf
5448 inf
5449 inf
5450 inf
5451 inf
5452 inf
5453 inf
5454 inf
5455 inf
5456 inf
5457 inf
5458 inf
5459 inf
5460 inf
5461 inf
5462 inf
5463 inf
5464 inf
5465 inf
5466 inf
5467 inf
5468 inf
5469 inf
5470 inf
5471 inf
5472 inf
5473 inf
5474 inf
5475 inf
5476 inf
5477 inf
5478 inf
5479 inf
5480 inf
5481 inf
5482 inf
5483 inf
5484 inf
5485 inf
5486 inf
5487 inf
5488 inf
5489 inf
5490 inf
5491 inf
5492 inf
5493 inf
5494 inf
5495 inf
5496 inf
5497 inf
5498 inf
5499 inf
5500 inf
5501 inf
5502 inf
5503 inf
5504 inf
5505 inf
5506 inf
5507 inf
5508 inf
5509 inf
5510 inf
5511 inf
5512 inf
5513 inf
5514 inf
5515 inf
5516 inf
5517 inf
5518 inf
5519 inf
5520 inf
5521 inf
5522 inf
5523 inf
5524 inf
5525 inf
5526 inf
5527 inf
5528 inf
5529 inf
5530 inf
5531 inf
5532 inf
5533 inf
5534 inf
5535 inf
5536 inf
5537 inf
5538 inf
5539 inf
5540 inf
5541 inf
5542 inf
5543 inf
5544 inf
5545 inf
5546 inf
5547 inf
5548 inf
5549 inf
5550 inf
5551 inf
5552 inf
5553 inf
5554 inf
5555 inf
5556 inf
5557 inf
5558 inf
5559 inf
5560 inf
5561 inf
5562 inf
5563 inf
5564 inf
5565 inf
5566 inf
5567 inf
5568 inf
5569 inf
5570 inf
5571 inf
5572 inf
5573 inf
5574 inf
5575 inf
5576 inf
5577 inf
5578 inf
5579 inf
5580 inf
5581 inf
5582 inf
5583 inf
5584 inf
5585 inf
5586 inf
5587 inf
5588 inf
5589 inf
5590 inf
5591 inf
5592 inf
5593 inf
5594 inf
5595 inf
5596 inf
5597 inf
5598 inf
5599 inf
5600 inf
5601 inf
5602 inf
5603 inf
5604 inf
5605 inf
5606 inf
5607 inf
5608 inf
5609 inf
5610 inf
5611 inf
5612 inf
5613 inf
5614 inf
5615 inf
5616 inf
5617 inf
5618 inf
5619 inf
5620 inf
5621 inf
5622 inf
5623 inf
5624 inf
5625 inf
5626 inf
5627 inf
5628 inf
5629 inf
5630 inf
5631 inf
5632 inf
5633 inf
5634 inf
5635 inf
5636 inf
5637 inf
5638 inf
5639 inf
5640 inf
5641 inf
5642 inf
5643 inf
5644 inf
5645 inf
5646 inf
5647 inf
5648 inf
5649 inf
5650 inf
5651 inf
5652 inf
5653 inf
5654 inf
5655 inf
5656 inf
5657 inf
5658 inf
5659 inf
5660 inf
5661 inf
5662 inf
5663 inf
5664 inf
5665 inf
5666 inf
5667 inf
5668 inf
5669 inf
5670 inf
5671 inf
5672 inf
5673 inf
5674 inf
5675 inf
5676 inf
5677 inf
5678 inf
5679 inf
5680 inf
5681 inf
5682 inf
5683 inf
5684 inf
5685 inf
5686 inf
5687 inf
5688 inf
5689 inf
5690 inf
5691 inf
5692 inf
5693 inf
5694 inf
5695 inf
5696 inf
5697 inf
5698 inf
5699 inf
5700 inf
5701 inf
5702 inf
5703 inf
5704 inf
5705 inf
5706 inf
5707 inf
5708 inf
5709 inf
5710 inf
5711 inf
5712 inf
5713 inf
5714 inf
5715 inf
5716 inf
5717 inf
5718 inf
5719 inf
5720 inf
5721 inf
5722 inf
5723 inf
5724 inf
5725 inf
5726 inf
5727 inf
5728 inf
5729 inf
5730 inf
5731 inf
5732 inf
5733 inf
5734 inf
5735 inf
5736 inf
5737 inf
5738 inf
5739 inf
5740 inf
5741 inf
5742 inf
5743 inf
5744 inf
5745 inf
5746 inf
5747 inf
5748 inf
5749 inf
5750 inf
5751 inf
5752 inf
5753 inf
5754 inf
5755 inf
5756 inf
5757 inf
5758 inf
5759 inf
5760 inf
5761 inf
5762 inf
5763 inf
5764 inf
5765 inf
5766 inf
5767 inf
5768 inf
5769 inf
5770 inf
5771 inf
5772 inf
5773 inf
5774 inf
5775 inf
5776 inf
5777 inf
5778 inf
5779 inf
5780 inf
5781 inf
5782 inf
5783 inf
5784 inf
5785 inf
5786 inf
5787 inf
5788 inf
5789 inf
5790 inf
5791 inf
5792 inf
5793 inf
5794 inf
5795 inf
5796 inf
5797 inf
5798 inf
5799 inf
5800 inf
5801 inf
5802 inf
5803 inf
5804 inf
5805 inf
5806 inf
5807 inf
5808 inf
5809 inf
5810 inf
5811 inf
5812 inf
5813 inf
5814 inf
5815 inf
5816 inf
5817 inf
5818 inf
5819 inf
5820 inf
5821 inf
5822 inf
5823 inf
5824 inf
5825 inf
5826 inf
5827 inf
5828 inf
5829 inf
5830 inf
5831 inf
5832 inf
5833 inf
5834 inf
5835 inf
5836 inf
5837 inf
5838 inf
5839 inf
5840 inf
5841 inf
5842 inf
5843 inf
5844 inf
5845 inf
5846 inf
5847 inf
5848 inf
5849 inf
5850 inf
5851 inf
5852 inf
5853 inf
5854 inf
5855 inf
5856 inf
5857 inf
5858 inf
5859 inf
5860 inf
5861 inf
5862 inf
5863 inf
5864 inf
5865 inf
5866 inf
5867 inf
5868 inf
5869 inf
5870 inf
5871 inf
5872 inf
5873 inf
5874 inf
5875 inf
5876 inf
5877 inf
5878 inf
5879 inf
5880 inf
5881 inf
5882 inf
5883 inf
5884 inf
5885 inf
5886 inf
5887 inf
5888 inf
5889 inf
5890 inf
5891 inf
5892 inf
5893 inf
5894 inf
5895 inf
5896 inf
5897 inf
5898 inf
5899 inf
5900 inf
5901 inf
5902 inf
5903 inf
5904 inf
5905 inf
5906 inf
5907 inf
5908 inf
5909 inf
5910 inf
5911 inf
5912 inf
5913 inf
5914 inf
5915 inf
5916 inf
5917 inf
5918 inf
5919 inf
5920 inf
5921 inf
5922 inf
5923 inf
5924 inf
5925 inf
5926 inf
5927 inf
5928 inf
5929 inf
5930 inf
5931 inf
5932 inf
5933 inf
5934 inf
5935 inf
5936 inf
5937 inf
5938 inf
5939 inf
5940 inf
5941 inf
5942 inf
5943 inf
5944 inf
5945 inf
5946 inf
5947 inf
5948 inf
5949 inf
5950 inf
5951 inf
5952 inf
5953 inf
5954 inf
5955 inf
5956 inf
5957 inf
5958 inf
5959 inf
5960 inf
5961 inf
5962 inf
5963 inf
5964 inf
5965 inf
5966 inf
5967 inf
5968 inf
5969 inf
5970 inf
5971 inf
5972 inf
5973 inf
5974 inf
5975 inf
5976 inf
5977 inf
5978 inf
5979 inf
5980 inf
5981 inf
5982 inf
5983 inf
5984 inf
5985 inf
5986 inf
5987 inf
5988 inf
5989 inf
5990 inf
5991 inf
5992 inf
5993 inf
5994 inf
5995 inf
5996 inf
5997 inf
5998 inf
5999 inf
6000 inf
6001 inf
6002 inf
6003 inf
6004 inf
6005 inf
6006 inf
6007 inf
6008 inf
6009 inf
6010 inf
6011 inf
6012 inf
6013 inf
6014 inf
6015 inf
6016 inf
6017 inf
6018 inf
6019 inf
6020 inf
6021 inf
6022 inf
6023 inf
6024 inf
6025 inf
6026 inf
6027 inf
6028 inf
6029 inf
6030 inf
6031 inf
6032 inf
6033 inf
6034 inf
6035 inf
6036 inf
6037 inf
6038 inf
6039 inf
6040 inf
6041 inf
6042 inf
6043 inf
6044 inf
6045 inf
6046 inf
6047 inf
6048 inf
6049 inf
6050 inf
6051 inf
6052 inf
6053 inf
6054 inf
6055 inf
6056 inf
6057 inf
6058 inf
6059 inf
6060 inf
6061 inf
6062 inf
6063 inf
6064 inf
6065 inf
6066 inf
6067 inf
6068 inf
6069 inf
6070 inf
6071 inf
6072 inf
6073 inf
6074 inf
6075 inf
6076 inf
6077 inf
6078 inf
6079 inf
6080 inf
6081 inf
6082 inf
6083 inf
6084 inf
6085 inf
6086 inf
6087 inf
6088 inf
6089 inf
6090 inf
6091 inf
6092 inf
6093 inf
6094 inf
6095 inf
6096 inf
6097 inf
6098 inf
6099 inf
6100 inf
6101 inf
6102 inf
6103 inf
6104 inf
6105 inf
6106 inf
6107 inf
6108 inf
6109 inf
6110 inf
6111 inf
6112 inf
6113 inf
6114 inf
6115 inf
6116 inf
6117 inf
6118 inf
6119 inf
6120 inf
6121 inf
6122 inf
6123 inf
6124 inf
6125 inf
6126 inf
6127 inf
6128 inf
6129 inf
6130 inf
6131 inf
6132 inf
6133 inf
6134 inf
6135 inf
6136 inf
6137 inf
6138 inf
6139 inf
6140 inf
6141 inf
6142 inf
6143 inf
6144 inf
6145 inf
6146 inf
6147 inf
6148 inf
6149 inf
6150 inf
6151 inf
6152 inf
6153 inf
6154 inf
6155 inf
6156 inf
6157 inf
6158 inf
6159 inf
6160 inf
6161 inf
6162 inf
6163 inf
6164 inf
6165 inf
6166 inf
6167 inf
6168 inf
6169 inf
6170 inf
6171 inf
6172 inf
6173 inf
6174 inf
6175 inf
6176 inf
6177 inf
6178 inf
6179 inf
6180 inf
6181 inf
6182 inf
6183 inf
6184 inf
6185 inf
6186 inf
6187 inf
6188 inf
6189 inf
6190 inf
6191 inf
6192 inf
6193 inf
6194 inf
6195 inf
6196 inf
6197 inf
6198 inf
6199 inf
6200 inf
6201 inf
6202 inf
6203 inf
6204 inf
6205 inf
6206 inf
6207 inf
6208 inf
6209 inf
6210 inf
6211 inf
6212 inf
6213 inf
6214 inf
6215 inf
6216 inf
6217 inf
6218 inf
6219 inf
6220 inf
6221 inf
6222 inf
6223 inf
6224 inf
6225 inf
6226 inf
6227 inf
6228 inf
6229 inf
6230 inf
6231 inf
6232 inf
6233 inf
6234 inf
6235 inf
6236 inf
6237 inf
6238 inf
6239 inf
6240 inf
6241 inf
6242 inf
6243 inf
6244 inf
6245 inf
6246 inf
6247 inf
6248 inf
6249 inf
6250 inf
6251 inf
6252 inf
6253 inf
6254 inf
6255 inf
6256 inf
6257 inf
6258 inf
6259 inf
6260 inf
6261 inf
6262 inf
6263 inf
6264 inf
6265 inf
6266 inf
6267 inf
6268 inf
6269 inf
6270 inf
6271 inf
6272 inf
6273 inf
6274 inf
6275 inf
6276 inf
6277 inf
6278 inf
6279 inf
6280 inf
6281 inf
6282 inf
6283 inf
6284 inf
6285 inf
6286 inf
6287 inf
6288 inf
6289 inf
6290 inf
6291 inf
6292 inf
6293 inf
6294 inf
6295 inf
6296 inf
6297 inf
6298 inf
6299 inf
6300 inf
6301 inf
6302 inf
6303 inf
6304 inf
6305 inf
6306 inf
6307 inf
6308 inf
6309 inf
6310 inf
6311 inf
6312 inf
6313 inf
6314 inf
6315 inf
6316 inf
6317 inf
6318 inf
6319 inf
6320 inf
6321 inf
6322 inf
6323 inf
6324 inf
6325 inf
6326 inf
6327 inf
6328 inf
6329 inf
6330 inf
6331 inf
6332 inf
6333 inf
6334 inf
6335 inf
6336 inf
6337 inf
6338 inf
6339 inf
6340 inf
6341 inf
6342 inf
6343 inf
6344 inf
6345 inf
6346 inf
6347 inf
6348 inf
6349 inf
6350 inf
6351 inf
6352 inf
6353 inf
6354 inf
6355 inf
6356 inf
6357 inf
6358 inf
6359 inf
6360 inf
6361 inf
6362 inf
6363 inf
6364 inf
6365 inf
6366 inf
6367 inf
6368 inf
6369 inf
6370 inf
6371 inf
6372 inf
6373 inf
6374 inf
6375 inf
6376 inf
6377 inf
6378 inf
6379 inf
6380 inf
6381 inf
6382 inf
6383 inf
6384 inf
6385 inf
6386 inf
6387 inf
6388 inf
6389 inf
6390 inf
6391 inf
6392 inf
6393 inf
6394 inf
6395 inf
6396 inf
6397 inf
6398 inf
6399 inf
6400 inf
6401 inf
6402 inf
6403 inf
6404 inf
6405 inf
6406 inf
6407 inf
6408 inf
6409 inf
6410 inf
6411 inf
6412 inf
6413 inf
6414 inf
6415 inf
6416 inf
6417 inf
6418 inf
6419 inf
6420 inf
6421 inf
6422 inf
6423 inf
6424 inf
6425 inf
6426 inf
6427 inf
6428 inf
6429 inf
6430 inf
6431 inf
6432 inf
6433 inf
6434 inf
6435 inf
6436 inf
6437 inf
6438 inf
6439 inf
6440 inf
6441 inf
6442 inf
6443 inf
6444 inf
6445 inf
6446 inf
6447 inf
6448 inf
6449 inf
6450 inf
6451 inf
6452 inf
6453 inf
6454 inf
6455 inf
6456 inf
6457 inf
6458 inf
6459 inf
6460 inf
6461 inf
6462 inf
6463 inf
6464 inf
6465 inf
6466 inf
6467 inf
6468 inf
6469 inf
6470 inf
6471 inf
6472 inf
6473 inf
6474 inf
6475 inf
6476 inf
6477 inf
6478 inf
6479 inf
6480 inf
6481 inf
6482 inf
6483 inf
6484 inf
6485 inf
6486 inf
6487 inf
6488 inf
6489 inf
6490 inf
6491 inf
6492 inf
6493 inf
6494 inf
6495 inf
6496 inf
6497 inf
6498 inf
6499 inf
6500 inf
6501 inf
6502 inf
6503 inf
6504 inf
6505 inf
6506 inf
6507 inf
6508 inf
6509 inf
6510 inf
6511 inf
6512 inf
6513 inf
6514 inf
6515 inf
6516 inf
6517 inf
6518 inf
6519 inf
6520 inf
6521 inf
6522 inf
6523 inf
6524 inf
6525 inf
6526 inf
6527 inf
6528 inf
6529 inf
6530 inf
6531 inf
6532 inf
6533 inf
6534 inf
6535 inf
6536 inf
6537 inf
6538 inf
6539 inf
6540 inf
6541 inf
6542 inf
6543 inf
6544 inf
6545 inf
6546 inf
6547 inf
6548 inf
6549 inf
6550 inf
6551 inf
6552 inf
6553 inf
6554 inf
6555 inf
6556 inf
6557 inf
6558 inf
6559 inf
6560 inf
6561 inf
6562 inf
6563 inf
6564 inf
6565 inf
6566 inf
6567 inf
6568 inf
6569 inf
6570 inf
6571 inf
6572 inf
6573 inf
6574 inf
6575 inf
6576 inf
6577 inf
6578 inf
6579 inf
6580 inf
6581 inf
6582 inf
6583 inf
6584 inf
6585 inf
6586 inf
6587 inf
6588 inf
6589 inf
6590 inf
6591 inf
6592 inf
6593 inf
6594 inf
6595 inf
6596 inf
6597 inf
6598 inf
6599 inf
6600 inf
6601 inf
6602 inf
6603 inf
6604 inf
6605 inf
6606 inf
6607 inf
6608 inf
6609 inf
6610 inf
6611 inf
6612 inf
6613 inf
6614 inf
6615 inf
6616 inf
6617 inf
6618 inf
6619 inf
6620 inf
6621 inf
6622 inf
6623 inf
6624 inf
6625 inf
6626 inf
6627 inf
6628 inf
6629 inf
6630 inf
6631 inf
6632 inf
6633 inf
6634 inf
6635 inf
6636 inf
6637 inf
6638 inf
6639 inf
6640 inf
6641 inf
6642 inf
6643 inf
6644 inf
6645 inf
6646 inf
6647 inf
6648 inf
6649 inf
6650 inf
6651 inf
6652 inf
6653 inf
6654 inf
6655 inf
6656 inf
6657 inf
6658 inf
6659 inf
6660 inf
6661 inf
6662 inf
6663 inf
6664 inf
6665 inf
6666 inf
6667 inf
6668 inf
6669 inf
6670 inf
6671 inf
6672 inf
6673 inf
6674 inf
6675 inf
6676 inf
6677 inf
6678 inf
6679 inf
6680 inf
6681 inf
6682 inf
6683 inf
6684 inf
6685 inf
6686 inf
6687 inf
6688 inf
6689 inf
6690 inf
6691 inf
6692 inf
6693 inf
6694 inf
6695 inf
6696 inf
6697 inf
6698 inf
6699 inf
6700 inf
6701 inf
6702 inf
6703 inf
6704 inf
6705 inf
6706 inf
6707 inf
6708 inf
6709 inf
6710 inf
6711 inf
6712 inf
6713 inf
6714 inf
6715 inf
6716 inf
6717 inf
6718 inf
6719 inf
6720 inf
6721 inf
6722 inf
6723 inf
6724 inf
6725 inf
6726 inf
6727 inf
6728 inf
6729 inf
6730 inf
6731 inf
6732 inf
6733 inf
6734 inf
6735 inf
6736 inf
6737 inf
6738 inf
6739 inf
6740 inf
6741 inf
6742 inf
6743 inf
6744 inf
6745 inf
6746 inf
6747 inf
6748 inf
6749 inf
6750 inf
6751 inf
6752 inf
6753 inf
6754 inf
6755 inf
6756 inf
6757 inf
6758 inf
6759 inf
6760 inf
6761 inf
6762 inf
6763 inf
6764 inf
6765 inf
6766 inf
6767 inf
6768 inf
6769 inf
6770 inf
6771 inf
6772 inf
6773 inf
6774 inf
6775 inf
6776 inf
6777 inf
6778 inf
6779 inf
6780 inf
6781 inf
6782 inf
6783 inf
6784 inf
6785 inf
6786 inf
6787 inf
6788 inf
6789 inf
6790 inf
6791 inf
6792 inf
6793 inf
6794 inf
6795 inf
6796 inf
6797 inf
6798 inf
6799 inf
6800 inf
6801 inf
6802 inf
6803 inf
6804 inf
6805 inf
6806 inf
6807 inf
6808 inf
6809 inf
6810 inf
6811 inf
6812 inf
6813 inf
6814 inf
6815 inf
6816 inf
6817 inf
6818 inf
6819 inf
6820 inf
6821 inf
6822 inf
6823 inf
6824 inf
6825 inf
6826 inf
6827 inf
6828 inf
6829 inf
6830 inf
6831 inf
6832 inf
6833 inf
6834 inf
6835 inf
6836 inf
6837 inf
6838 inf
6839 inf
6840 inf
6841 inf
6842 inf
6843 inf
6844 inf
6845 inf
6846 inf
6847 inf
6848 inf
6849 inf
6850 inf
6851 inf
6852 inf
6853 inf
6854 inf
6855 inf
6856 inf
6857 inf
6858 inf
6859 inf
6860 inf
6861 inf
6862 inf
6863 inf
6864 inf
6865 inf
6866 inf
6867 inf
6868 inf
6869 inf
6870 inf
6871 inf
6872 inf
6873 inf
6874 inf
6875 inf
6876 inf
6877 inf
6878 inf
6879 inf
6880 inf
6881 inf
6882 inf
6883 inf
6884 inf
6885 inf
6886 inf
6887 inf
6888 inf
6889 inf
6890 inf
6891 inf
6892 inf
6893 inf
6894 inf
6895 inf
6896 inf
6897 inf
6898 inf
6899 inf
6900 inf
6901 inf
6902 inf
6903 inf
6904 inf
6905 inf
6906 inf
6907 inf
6908 inf
6909 inf
6910 inf
6911 inf
6912 inf
6913 inf
6914 inf
6915 inf
6916 inf
6917 inf
6918 inf
6919 inf
6920 inf
6921 inf
6922 inf
6923 inf
6924 inf
6925 inf
6926 inf
6927 inf
6928 inf
6929 inf
6930 inf
6931 inf
6932 inf
6933 inf
6934 inf
6935 inf
6936 inf
6937 inf
6938 inf
6939 inf
6940 inf
6941 inf
6942 inf
6943 inf
6944 inf
6945 inf
6946 inf
6947 inf
6948 inf
6949 inf
6950 inf
6951 inf
6952 inf
6953 inf
6954 inf
6955 inf
6956 inf
6957 inf
6958 inf
6959 inf
6960 inf
6961 inf
6962 inf
6963 inf
6964 inf
6965 inf
6966 inf
6967 inf
6968 inf
6969 inf
6970 inf
6971 inf
6972 inf
6973 inf
6974 inf
6975 inf
6976 inf
6977 inf
6978 inf
6979 inf
6980 inf
6981 inf
6982 inf
6983 inf
6984 inf
6985 inf
6986 inf
6987 inf
6988 inf
6989 inf
6990 inf
6991 inf
6992 inf
6993 inf
6994 inf
6995 inf
6996 inf
6997 inf
6998 inf
6999 inf
7000 inf
7001 inf
7002 inf
7003 inf
7004 inf
7005 inf
7006 inf
7007 inf
7008 inf
7009 inf
7010 inf
7011 inf
7012 inf
7013 inf
7014 inf
7015 inf
7016 inf
7017 inf
7018 inf
7019 inf
7020 inf
7021 inf
7022 inf
7023 inf
7024 inf
7025 inf
7026 inf
7027 inf
7028 inf
7029 inf
7030 inf
7031 inf
7032 inf
7033 inf
7034 inf
7035 inf
7036 inf
7037 inf
7038 inf
7039 inf
7040 inf
7041 inf
7042 inf
7043 inf
7044 inf
7045 inf
7046 inf
7047 inf
7048 inf
7049 inf
7050 inf
7051 inf
7052 inf
7053 inf
7054 inf
7055 inf
7056 inf
7057 inf
7058 inf
7059 inf
7060 inf
7061 inf
7062 inf
7063 inf
7064 inf
7065 inf
7066 inf
7067 inf
7068 inf
7069 inf
7070 inf
7071 inf
7072 inf
7073 inf
7074 inf
7075 inf
7076 inf
7077 inf
7078 inf
7079 inf
7080 inf
7081 inf
7082 inf
7083 inf
7084 inf
7085 inf
7086 inf
7087 inf
7088 inf
7089 inf
7090 inf
7091 inf
7092 inf
7093 inf
7094 inf
7095 inf
7096 inf
7097 inf
7098 inf
7099 inf
7100 inf
7101 inf
7102 inf
7103 inf
7104 inf
7105 inf
7106 inf
7107 inf
7108 inf
7109 inf
7110 inf
7111 inf
7112 inf
7113 inf
7114 inf
7115 inf
7116 inf
7117 inf
7118 inf
7119 inf
7120 inf
7121 inf
7122 inf
7123 inf
7124 inf
7125 inf
7126 inf
7127 inf
7128 inf
7129 inf
7130 inf
7131 inf
7132 inf
7133 inf
7134 inf
7135 inf
7136 inf
7137 inf
7138 inf
7139 inf
7140 inf
7141 inf
7142 inf
7143 inf
7144 inf
7145 inf
7146 inf
7147 inf
7148 inf
7149 inf
7150 inf
7151 inf
7152 inf
7153 inf
7154 inf
7155 inf
7156 inf
7157 inf
7158 inf
7159 inf
7160 inf
7161 inf
7162 inf
7163 inf
7164 inf
7165 inf
7166 inf
7167 inf
7168 inf
7169 inf
7170 inf
7171 inf
7172 inf
7173 inf
7174 inf
7175 inf
7176 inf
7177 inf
7178 inf
7179 inf
7180 inf
7181 inf
7182 inf
7183 inf
7184 inf
7185 inf
7186 inf
7187 inf
7188 inf
7189 inf
7190 inf
7191 inf
7192 inf
7193 inf
7194 inf
7195 inf
7196 inf
7197 inf
7198 inf
7199 inf
7200 inf
7201 inf
7202 inf
7203 inf
7204 inf
7205 inf
7206 inf
7207 inf
7208 inf
7209 inf
7210 inf
7211 inf
7212 inf
7213 inf
7214 inf
7215 inf
7216 inf
7217 inf
7218 inf
7219 inf
7220 inf
7221 inf
7222 inf
7223 inf
7224 inf
7225 inf
7226 inf
7227 inf
7228 inf
7229 inf
7230 inf
7231 inf
7232 inf
7233 inf
7234 inf
7235 inf
7236 inf
7237 inf
7238 inf
7239 inf
7240 inf
7241 inf
7242 inf
7243 inf
7244 inf
7245 inf
7246 inf
7247 inf
7248 inf
7249 inf
7250 inf
7251 inf
7252 inf
7253 inf
7254 inf
7255 inf
7256 inf
7257 inf
7258 inf
7259 inf
7260 inf
7261 inf
7262 inf
7263 inf
7264 inf
7265 inf
7266 inf
7267 inf
7268 inf
7269 inf
7270 inf
7271 inf
7272 inf
7273 inf
7274 inf
7275 inf
7276 inf
7277 inf
7278 inf
7279 inf
7280 inf
7281 inf
7282 inf
7283 inf
7284 inf
7285 inf
7286 inf
7287 inf
7288 inf
7289 inf
7290 inf
7291 inf
7292 inf
7293 inf
7294 inf
7295 inf
7296 inf
7297 inf
7298 inf
7299 inf
7300 inf
7301 inf
7302 inf
7303 inf
7304 inf
7305 inf
7306 inf
7307 inf
7308 inf
7309 inf
7310 inf
7311 inf
7312 inf
7313 inf
7314 inf
7315 inf
7316 inf
7317 inf
7318 inf
7319 inf
7320 inf
7321 inf
7322 inf
7323 inf
7324 inf
7325 inf
7326 inf
7327 inf
7328 inf
7329 inf
7330 inf
7331 inf
7332 inf
7333 inf
7334 inf
7335 inf
7336 inf
7337 inf
7338 inf
7339 inf
7340 inf
7341 inf
7342 inf
7343 inf
7344 inf
7345 inf
7346 inf
7347 inf
7348 inf
7349 inf
7350 inf
7351 inf
7352 inf
7353 inf
7354 inf
7355 inf
7356 inf
7357 inf
7358 inf
7359 inf
7360 inf
7361 inf
7362 inf
7363 inf
7364 inf
7365 inf
7366 inf
7367 inf
7368 inf
7369 inf
7370 inf
7371 inf
7372 inf
7373 inf
7374 inf
7375 inf
7376 inf
7377 inf
7378 inf
7379 inf
7380 inf
7381 inf
7382 inf
7383 inf
7384 inf
7385 inf
7386 inf
7387 inf
7388 inf
7389 inf
7390 inf
7391 inf
7392 inf
7393 inf
7394 inf
7395 inf
7396 inf
7397 inf
7398 inf
7399 inf
7400 inf
7401 inf
7402 inf
7403 inf
7404 inf
7405 inf
7406 inf
7407 inf
7408 inf
7409 inf
7410 inf
7411 inf
7412 inf
7413 inf
7414 inf
7415 inf
7416 inf
7417 inf
7418 inf
7419 inf
7420 inf
7421 inf
7422 inf
7423 inf
7424 inf
7425 inf
7426 inf
7427 inf
7428 inf
7429 inf
7430 inf
7431 inf
7432 inf
7433 inf
7434 inf
7435 inf
7436 inf
7437 inf
7438 inf
7439 inf
7440 inf
7441 inf
7442 inf
7443 inf
7444 inf
7445 inf
7446 inf
7447 inf
7448 inf
7449 inf
7450 inf
7451 inf
7452 inf
7453 inf
7454 inf
7455 inf
7456 inf
7457 inf
7458 inf
7459 inf
7460 inf
7461 inf
7462 inf
7463 inf
7464 inf
7465 inf
7466 inf
7467 inf
7468 inf
7469 inf
7470 inf
7471 inf
7472 inf
7473 inf
7474 inf
7475 inf
7476 inf
7477 inf
7478 inf
7479 inf
7480 inf
7481 inf
7482 inf
7483 inf
7484 inf
