1 1.5456
2 1.08558
3 0.712341
4 0.381901
5 0.0786864
6 -0.206732
7 -0.478374
8 -0.740381
9 -0.993963
10 -1.24165
11 -1.48366
12 -1.72188
13 -1.95605
14 -2.18773
15 -2.41642
16 -2.64346
17 -2.8682
18 -3.09186
19 -3.31366
20 -3.53476
21 -3.75431
22 -3.97342
23 -4.19119
24 -4.40869
25 -4.62501
26 -4.84117
27 -5.05626
28 -5.27129
29 -5.48533
30 -5.69936
31 -5.91246
32 -6.12562
33 -6.33788
34 -6.55024
35 -6.76175
36 -6.97339
37 -7.1842
38 -7.39517
39 -7.60535
40 -7.81571
41 -8.02529
42 -8.23507
43 -8.4441
44 -8.65336
45 -8.86188
46 -9.07063
47 -9.27867
48 -9.48697
49 -9.69455
50 -9.90242
51 -10.1096
52 -10.317
53 -10.5238
54 -10.7309
55 -10.9373
56 -11.144
57 -11.3501
58 -11.5565
59 -11.7622
60 -11.9683
61 -12.1738
62 -12.3796
63 -12.5847
64 -12.7903
65 -12.9952
66 -13.2004
67 -13.4051
68 -13.6101
69 -13.8146
70 -14.0194
71 -14.2236
72 -14.4282
73 -14.6322
74 -14.8366
75 -15.0405
76 -15.2447
77 -15.4483
78 -15.6524
79 -15.8559
80 -16.0598
81 -16.2632
82 -16.4669
83 -16.6701
84 -16.8737
85 -17.0768
86 -17.2803
87 -17.4833
88 -17.6866
89 -17.8895
90 -18.0927
91 -18.2954
92 -18.4986
93 -18.7012
94 -18.9043
95 -19.1068
96 -19.3098
97 -19.5122
98 -19.7151
99 -19.9174
100 -20.1202
101 -20.3225
102 -20.5252
103 -20.7274
104 -20.9301
105 -21.1322
106 -21.3348
107 -21.5369
108 -21.7394
109 -21.9414
110 -22.1439
111 -22.3458
112 -22.5482
113 -22.7501
114 -22.9525
115 -23.1543
