1 7.50768
2 7.01501
3 6.82082
4 6.49549
5 6.34911
6 6.06488
7 5.93969
8 5.67575
9 5.56285
10 5.31119
11 5.20639
12 4.96301
13 4.86397
14 4.62658
15 4.53185
16 4.299
17 4.20762
18 3.97834
19 3.88965
20 3.66323
21 3.57676
22 3.3527
23 3.26806
24 3.04599
25 2.96291
26 2.74253
27 2.66078
28 2.44185
29 2.36127
30 2.14359
31 2.06403
32 1.84746
33 1.7688
34 1.55321
35 1.47534
36 1.26062
37 1.18347
38 0.969533
39 0.89302
40 0.679789
41 0.603858
42 0.391265
43 0.315861
44 0.103848
45 0.0289253
46 -0.182558
47 -0.25704
48 -0.468037
49 -0.542114
50 -0.752664
51 -0.826368
52 -1.03651
53 -1.10986
54 -1.31962
55 -1.39266
56 -1.60206
57 -1.6748
58 -1.88388
59 -1.95634
60 -2.16511
61 -2.23732
62 -2.4458
63 -2.51776
64 -2.72598
65 -2.79771
66 -3.00567
67 -3.0772
68 -3.28493
69 -3.35625
70 -3.56375
71 -3.63489
72 -3.84219
73 -3.91315
74 -4.12024
75 -4.19104
76 -4.39795
77 -4.46858
78 -4.67531
79 -4.7458
80 -4.95237
81 -5.02271
82 -5.22912
83 -5.29933
84 -5.50558
85 -5.57566
86 -5.78178
87 -5.85174
88 -6.05771
89 -6.12756
90 -6.33341
91 -6.40314
92 -6.60886
93 -6.67849
94 -6.8841
95 -6.95363
96 -7.15912
97 -7.22856
98 -7.43394
99 -7.50329
100 -7.70857
101 -7.77783
102 -7.98301
103 -8.05218
104 -8.25727
105 -8.32637
106 -8.53137
107 -8.60038
108 -8.8053
109 -8.87424
110 -9.07908
111 -9.14795
112 -9.3527
113 -9.42151
114 -9.62619
115 -9.69493
116 -9.89953
117 -9.96821
118 -10.1727
119 -10.2414
120 -10.4458
121 -10.5144
122 -10.7188
123 -10.7873
124 -10.9916
125 -11.0601
126 -11.2644
127 -11.3328
128 -11.537
129 -11.6053
130 -11.8095
131 -11.8778
132 -12.0819
133 -12.1502
134 -12.3543
135 -12.4225
136 -12.6265
137 -12.6947
138 -12.8986
139 -12.9668
140 -13.1707
141 -13.2388
142 -13.4426
143 -13.5107
144 -13.7145
145 -13.7825
146 -13.9863
147 -14.0543
148 -14.2581
149 -14.326
150 -14.5297
151 -14.5976
152 -14.8013
153 -14.8692
154 -15.0728
155 -15.1407
156 -15.3443
157 -15.4121
158 -15.6157
159 -15.6835
160 -15.887
161 -15.9548
162 -16.1583
163 -16.226
164 -16.4295
165 -16.4972
166 -16.7006
167 -16.7683
168 -16.9717
169 -17.0394
170 -17.2428
171 -17.3104
172 -17.5138
173 -17.5814
174 -17.7847
175 -17.8523
176 -18.0556
177 -18.1232
178 -18.3265
179 -18.394
180 -18.5973
181 -18.6648
182 -18.8681
183 -18.9356
184 -19.1388
185 -19.2063
186 -19.4095
187 -19.4769
188 -19.6801
189 -19.7475
190 -19.9507
191 -20.0181
192 -20.2213
193 -20.2887
194 -20.4918
195 -20.5592
196 -20.7623
197 -20.8297
198 -21.0328
199 -21.1003
200 -21.3033
201 -21.3706
202 -21.5736
203 -21.6409
204 -21.8438
205 -21.9111
206 -22.1141
207 -22.1813
208 -22.3847
209 -22.4517
210 -22.6546
211 -22.7219
212 -22.9252
213 -22.9922
214 -23.1953
