1 7.56818
2 7.11486
3 6.96431
4 6.67451
5 6.56853
6 6.31836
7 6.23222
8 6.00161
9 5.92702
10 5.70826
11 5.6413
12 5.43055
13 5.36903
14 5.16407
15 5.10664
16 4.90607
17 4.85183
18 4.65471
19 4.60303
20 4.40869
21 4.35911
22 4.16706
23 4.11923
24 3.92911
25 3.88276
26 3.69427
27 3.64921
28 3.46213
29 3.41817
30 3.23231
31 3.18933
32 3.00455
33 2.96242
34 2.77859
35 2.73722
36 2.55424
37 2.51355
38 2.33133
39 2.29126
40 2.10972
41 2.07021
42 1.88929
43 1.85028
44 1.66993
45 1.63138
46 1.45154
47 1.41342
48 1.23405
49 1.19631
50 1.01738
51 0.98
52 0.801468
53 0.764419
54 0.586258
55 0.549516
56 0.371699
57 0.335241
58 0.157744
59 0.121552
60 -0.055647
61 -0.0915918
62 -0.268512
63 -0.304225
64 -0.480885
65 -0.516381
66 -0.692796
67 -0.728089
68 -0.904274
69 -0.939375
70 -1.11534
71 -1.15027
72 -1.32603
73 -1.36078
74 -1.53636
75 -1.57095
76 -1.74634
77 -1.78078
78 -1.956
79 -1.9903
80 -2.16535
81 -2.19951
82 -2.37442
83 -2.40845
84 -2.5832
85 -2.61711
86 -2.79173
87 -2.82552
88 -3.00001
89 -3.03369
90 -3.20805
91 -3.24163
92 -3.41587
93 -3.44934
94 -3.62347
95 -3.65685
96 -3.83086
97 -3.86415
98 -4.03806
99 -4.07126
100 -4.24508
101 -4.27819
102 -4.45191
103 -4.48495
104 -4.65858
105 -4.69154
106 -4.86507
107 -4.89796
108 -5.07142
109 -5.10424
110 -5.27761
111 -5.31036
112 -5.48366
113 -5.51635
114 -5.68957
115 -5.72219
116 -5.89535
117 -5.92791
118 -6.101
119 -6.1335
120 -6.30652
121 -6.33898
122 -6.51193
123 -6.54433
124 -6.71723
125 -6.74958
126 -6.92242
127 -6.95472
128 -7.1275
129 -7.15975
130 -7.33248
131 -7.36469
132 -7.53736
133 -7.56953
134 -7.74215
135 -7.77428
136 -7.94685
137 -7.97894
138 -8.15147
139 -8.18351
140 -8.356
141 -8.388
142 -8.56044
143 -8.59241
144 -8.76481
145 -8.79675
146 -8.96911
147 -9.00101
148 -9.17333
149 -9.2052
150 -9.37748
151 -9.40932
152 -9.58156
153 -9.61337
154 -9.78558
155 -9.81736
156 -9.98953
157 -10.0213
158 -10.1934
159 -10.2251
160 -10.3973
161 -10.429
162 -10.601
163 -10.6327
164 -10.8048
165 -10.8364
166 -11.0084
167 -11.04
168 -11.212
169 -11.2436
170 -11.4156
171 -11.4472
172 -11.6191
173 -11.6507
174 -11.8226
175 -11.8541
176 -12.026
177 -12.0575
178 -12.2294
179 -12.2609
180 -12.4327
181 -12.4642
182 -12.636
183 -12.6675
184 -12.8393
185 -12.8707
186 -13.0425
187 -13.0739
188 -13.2457
189 -13.2771
190 -13.4488
191 -13.4802
192 -13.6519
193 -13.6833
194 -13.855
195 -13.8863
196 -14.058
197 -14.0894
198 -14.261
199 -14.2924
200 -14.464
201 -14.4953
202 -14.6669
203 -14.6982
204 -14.8699
205 -14.9011
206 -15.0727
207 -15.104
208 -15.2756
209 -15.3069
210 -15.4784
211 -15.5097
212 -15.6812
213 -15.7125
214 -15.884
215 -15.9152
216 -16.0868
217 -16.118
218 -16.2895
219 -16.3207
220 -16.4922
221 -16.5234
222 -16.6949
223 -16.7261
224 -16.8976
225 -16.9287
226 -17.1002
227 -17.1314
228 -17.3028
229 -17.334
230 -17.5054
231 -17.5366
232 -17.708
233 -17.7391
234 -17.9106
235 -17.9417
236 -18.1131
237 -18.1442
238 -18.3156
239 -18.3468
240 -18.5182
241 -18.5493
242 -18.7207
243 -18.7518
244 -18.9231
245 -18.9542
246 -19.1256
247 -19.1567
248 -19.328
249 -19.3591
250 -19.5305
251 -19.5616
252 -19.7329
253 -19.764
254 -19.9353
255 -19.9664
256 -20.1377
257 -20.1687
258 -20.34
259 -20.3711
260 -20.5424
261 -20.5735
262 -20.7448
263 -20.7758
264 -20.9471
265 -20.9782
266 -21.1494
267 -21.1805
268 -21.3518
269 -21.3829
270 -21.5539
271 -21.5852
272 -21.7563
273 -21.7873
274 -21.9584
275 -21.9896
276 -22.1606
277 -22.1916
278 -22.3626
279 -22.3939
280 -22.5652
281 -22.5965
282 -22.7675
283 -22.7987
284 -22.97
285 -23.0016
286 -23.1724
