1 7.60524
2 7.17561
3 7.05142
4 6.78294
5 6.70131
6 6.47156
7 6.40892
8 6.19828
9 6.14673
10 5.94768
11 5.90347
12 5.71226
13 5.6733
14 5.48775
15 5.45274
16 5.2715
17 5.23957
18 5.06171
19 5.03226
20 4.85712
21 4.8297
22 4.65681
23 4.63109
24 4.46009
25 4.43582
26 4.26642
27 4.24338
28 4.07536
29 4.0534
30 3.88659
31 3.86557
32 3.69981
33 3.67963
34 3.5148
35 3.49536
36 3.33136
37 3.31258
38 3.14934
39 3.13115
40 2.96858
41 2.95094
42 2.78897
43 2.77182
44 2.61041
45 2.59371
46 2.4328
47 2.41651
48 2.25607
49 2.24015
50 2.08014
51 2.06457
52 1.90495
53 1.88971
54 1.73045
55 1.7155
56 1.55658
57 1.54192
58 1.38331
59 1.3689
60 1.21059
61 1.19642
62 1.03838
63 1.02444
64 0.866653
65 0.852921
66 0.695378
67 0.681844
68 0.524527
69 0.511179
70 0.354075
71 0.340902
72 0.183997
73 0.17099
74 0.0142742
75 0.00142294
76 -0.155115
77 -0.167818
78 -0.324187
79 -0.336751
80 -0.49296
81 -0.505392
82 -0.66145
83 -0.673756
84 -0.82967
85 -0.841857
86 -0.997635
87 -1.00971
88 -1.16536
89 -1.17732
90 -1.33285
91 -1.34471
92 -1.50012
93 -1.51188
94 -1.66717
95 -1.67885
96 -1.83403
97 -1.84562
98 -2.0007
99 -2.0122
100 -2.16719
101 -2.1786
102 -2.3335
103 -2.34484
104 -2.49964
105 -2.5109
106 -2.66562
107 -2.67682
108 -2.83145
109 -2.84258
110 -2.99713
111 -3.0082
112 -3.16268
113 -3.17367
114 -3.32808
115 -3.33902
116 -3.49336
117 -3.50424
118 -3.65851
119 -3.66934
120 -3.82354
121 -3.83432
122 -3.98846
123 -3.99918
124 -4.15327
125 -4.16394
126 -4.31797
127 -4.32859
128 -4.48256
129 -4.49314
130 -4.64706
131 -4.6576
132 -4.81147
133 -4.82196
134 -4.97578
135 -4.98623
136 -5.14001
137 -5.15042
138 -5.30414
139 -5.31452
140 -5.4682
141 -5.47854
142 -5.63218
143 -5.64248
144 -5.79608
145 -5.80635
146 -5.95991
147 -5.97015
148 -6.12367
149 -6.13387
150 -6.28736
151 -6.29753
152 -6.45098
153 -6.46112
154 -6.61454
155 -6.62465
156 -6.77803
157 -6.78812
158 -6.94147
159 -6.95153
160 -7.10485
161 -7.11488
162 -7.26817
163 -7.27818
164 -7.43144
165 -7.44142
166 -7.59465
167 -7.60462
168 -7.75782
169 -7.76776
170 -7.92093
171 -7.93085
172 -8.084
173 -8.0939
174 -8.24702
175 -8.2569
176 -8.41
177 -8.41986
178 -8.57294
179 -8.58278
180 -8.73583
181 -8.74565
182 -8.89868
183 -8.90849
184 -9.0615
185 -9.07128
186 -9.22427
187 -9.23404
188 -9.38701
189 -9.39676
190 -9.54971
191 -9.55945
192 -9.71238
193 -9.7221
194 -9.87502
195 -9.88472
196 -10.0376
197 -10.0473
198 -10.2002
199 -10.2099
200 -10.3627
201 -10.3724
202 -10.5252
203 -10.5349
204 -10.6877
205 -10.6974
206 -10.8502
207 -10.8598
208 -11.0126
209 -11.0222
210 -11.175
211 -11.1846
212 -11.3374
213 -11.347
214 -11.4997
215 -11.5093
216 -11.6621
217 -11.6716
218 -11.8244
219 -11.8339
220 -11.9866
221 -11.9962
222 -12.1489
223 -12.1584
224 -12.3111
225 -12.3207
226 -12.4734
227 -12.4829
228 -12.6355
229 -12.6451
230 -12.7977
231 -12.8072
232 -12.9599
233 -12.9694
234 -13.122
235 -13.1315
236 -13.2841
237 -13.2936
238 -13.4463
239 -13.4557
240 -13.6083
241 -13.6178
242 -13.7704
243 -13.7799
244 -13.9325
245 -13.9419
246 -14.0945
247 -14.1039
248 -14.2565
249 -14.266
250 -14.4185
251 -14.428
252 -14.5805
253 -14.59
254 -14.7425
255 -14.7519
256 -14.9045
257 -14.9139
258 -15.0664
259 -15.0758
260 -15.2284
261 -15.2378
262 -15.3903
263 -15.3997
264 -15.5522
265 -15.5616
266 -15.7141
267 -15.7235
268 -15.876
269 -15.8854
270 -16.0379
271 -16.0473
272 -16.1998
273 -16.2092
274 -16.3617
275 -16.371
276 -16.5235
277 -16.5329
278 -16.6854
279 -16.6947
280 -16.8472
281 -16.8565
282 -17.009
283 -17.0184
284 -17.1708
285 -17.1802
286 -17.3326
287 -17.342
288 -17.4944
289 -17.5038
290 -17.6562
291 -17.6656
292 -17.818
293 -17.8273
294 -17.9798
295 -17.9891
296 -18.1416
297 -18.1509
298 -18.3033
299 -18.3126
300 -18.4651
301 -18.4744
302 -18.6268
303 -18.6361
304 -18.7886
305 -18.7979
306 -18.9503
307 -18.9596
308 -19.112
309 -19.1213
310 -19.2737
311 -19.283
312 -19.4355
313 -19.4447
314 -19.5971
315 -19.6064
316 -19.7588
317 -19.7681
318 -19.9205
319 -19.9298
320 -20.0822
321 -20.0915
322 -20.2439
323 -20.2532
324 -20.4056
325 -20.4149
326 -20.5672
327 -20.5766
328 -20.7289
329 -20.7383
330 -20.8906
331 -20.9
332 -21.0523
333 -21.0616
334 -21.2139
335 -21.2232
336 -21.3756
337 -21.3848
338 -21.5373
339 -21.5465
340 -21.6989
341 -21.7082
342 -21.8607
343 -21.8698
344 -22.0221
345 -22.0313
346 -22.1836
347 -22.1931
348 -22.3452
349 -22.3546
350 -22.5069
351 -22.5164
352 -22.6683
353 -22.6783
354 -22.83
355 -22.8395
356 -22.9916
357 -23.0009
358 -23.1537
