1 7.63029
2 7.21649
3 7.10996
4 6.8557
5 6.79035
6 6.57421
7 6.52726
8 6.32993
9 6.29376
10 6.10784
11 6.07883
12 5.90062
13 5.87673
14 5.70411
15 5.68406
16 5.51568
17 5.49865
18 5.33361
19 5.31899
20 5.15664
21 5.14402
22 4.98388
23 4.97292
24 4.81464
25 4.80509
26 4.6484
27 4.64007
28 4.48474
29 4.47746
30 4.32332
31 4.31696
32 4.16386
33 4.15832
34 4.00614
35 4.00133
36 3.84998
37 3.84581
38 3.69519
39 3.69162
40 3.54166
41 3.53862
42 3.38926
43 3.3867
44 3.23789
45 3.23577
46 3.08746
47 3.08574
48 2.93789
49 2.93654
50 2.78912
51 2.78811
52 2.64107
53 2.64037
54 2.4937
55 2.4933
56 2.34695
57 2.34682
58 2.20079
59 2.20091
60 2.05517
61 2.05553
62 1.91006
63 1.91064
64 1.76542
65 1.76621
66 1.62123
67 1.62221
68 1.47745
69 1.47861
70 1.33407
71 1.3354
72 1.19105
73 1.19255
74 1.04839
75 1.05004
76 0.906049
77 0.907847
78 0.764024
79 0.765959
80 0.622294
81 0.624358
82 0.480843
83 0.483031
84 0.339658
85 0.341962
86 0.198724
87 0.201139
88 0.0580298
89 0.0605506
90 -0.0824366
91 -0.0798152
92 -0.222686
93 -0.219969
94 -0.362729
95 -0.35992
96 -0.502574
97 -0.499678
98 -0.642231
99 -0.639252
100 -0.781708
101 -0.778649
102 -0.921013
103 -0.917878
104 -1.06015
105 -1.05695
106 -1.19914
107 -1.19586
108 -1.33797
109 -1.33462
110 -1.47665
111 -1.47325
112 -1.6152
113 -1.61173
114 -1.75362
115 -1.75009
116 -1.89191
117 -1.88832
118 -2.03007
119 -2.02643
120 -2.16812
121 -2.16443
122 -2.30605
123 -2.30231
124 -2.44388
125 -2.44009
126 -2.5816
127 -2.57776
128 -2.71922
129 -2.71534
130 -2.85674
131 -2.85282
132 -2.99417
133 -2.9902
134 -3.13151
135 -3.1275
136 -3.26876
137 -3.26472
138 -3.40593
139 -3.40185
140 -3.54302
141 -3.5389
142 -3.68003
143 -3.67588
144 -3.81696
145 -3.81278
146 -3.95383
147 -3.94961
148 -4.09062
149 -4.08637
150 -4.22734
151 -4.22307
152 -4.364
153 -4.3597
154 -4.5006
155 -4.49627
156 -4.63714
157 -4.63278
158 -4.77361
159 -4.76923
160 -4.91003
161 -4.90562
162 -5.0464
163 -5.04196
164 -5.18271
165 -5.17825
166 -5.31897
167 -5.31449
168 -5.45518
169 -5.45068
170 -5.59134
171 -5.58682
172 -5.72746
173 -5.72291
174 -5.86353
175 -5.85896
176 -5.99956
177 -5.99497
178 -6.13554
179 -6.13094
180 -6.27148
181 -6.26686
182 -6.40739
183 -6.40275
184 -6.54325
185 -6.5386
186 -6.67908
187 -6.67441
188 -6.81487
189 -6.81018
190 -6.95063
191 -6.94592
192 -7.08635
193 -7.08163
194 -7.22204
195 -7.21731
196 -7.3577
197 -7.35295
198 -7.49333
199 -7.48856
200 -7.62892
201 -7.62415
202 -7.76449
203 -7.7597
204 -7.90003
205 -7.89523
206 -8.03554
207 -8.03073
208 -8.17103
209 -8.1662
210 -8.30648
211 -8.30165
212 -8.44192
213 -8.43707
214 -8.57733
215 -8.57247
216 -8.71272
217 -8.70785
218 -8.84808
219 -8.8432
220 -8.98342
221 -8.97853
222 -9.11874
223 -9.11384
224 -9.25404
225 -9.24913
226 -9.38932
227 -9.3844
228 -9.52458
229 -9.51965
230 -9.65982
231 -9.65488
232 -9.79504
233 -9.7901
234 -9.93024
235 -9.92529
236 -10.0654
237 -10.0605
238 -10.2006
239 -10.1956
240 -10.3357
241 -10.3308
242 -10.4709
243 -10.4659
244 -10.606
245 -10.601
246 -10.7411
247 -10.7361
248 -10.8762
249 -10.8712
250 -11.0113
251 -11.0063
252 -11.1463
253 -11.1413
254 -11.2814
255 -11.2764
256 -11.4164
257 -11.4114
258 -11.5514
259 -11.5464
260 -11.6865
261 -11.6814
262 -11.8214
263 -11.8164
264 -11.9564
265 -11.9514
266 -12.0914
267 -12.0864
268 -12.2264
269 -12.2213
270 -12.3613
271 -12.3563
272 -12.4963
273 -12.4912
274 -12.6312
275 -12.6261
276 -12.7661
277 -12.7611
278 -12.901
279 -12.896
280 -13.0359
281 -13.0309
282 -13.1708
283 -13.1657
284 -13.3057
285 -13.3006
286 -13.4406
287 -13.4355
288 -13.5755
289 -13.5704
290 -13.7103
291 -13.7052
292 -13.8452
293 -13.8401
294 -13.98
295 -13.9749
296 -14.1149
297 -14.1097
298 -14.2497
299 -14.2446
300 -14.3845
301 -14.3794
302 -14.5193
303 -14.5142
304 -14.6541
305 -14.649
306 -14.7889
307 -14.7838
308 -14.9237
309 -14.9186
310 -15.0585
311 -15.0534
312 -15.1933
313 -15.1882
314 -15.3281
315 -15.323
316 -15.4629
317 -15.4577
318 -15.5976
319 -15.5925
320 -15.7324
321 -15.7273
322 -15.8672
323 -15.862
324 -16.0019
325 -15.9968
326 -16.1367
327 -16.1315
328 -16.2714
329 -16.2662
330 -16.4061
331 -16.401
332 -16.5409
333 -16.5357
334 -16.6756
335 -16.6704
336 -16.8103
337 -16.8052
338 -16.945
339 -16.9399
340 -17.0798
341 -17.0746
342 -17.2145
343 -17.2093
344 -17.3492
345 -17.344
346 -17.4839
347 -17.4787
348 -17.6186
349 -17.6134
350 -17.7533
351 -17.7481
352 -17.888
353 -17.8828
354 -18.0227
355 -18.0175
356 -18.1574
357 -18.1522
358 -18.292
359 -18.2869
360 -18.4267
361 -18.4215
362 -18.5614
363 -18.5562
364 -18.6961
365 -18.6909
366 -18.8307
367 -18.8256
368 -18.9654
369 -18.9602
370 -19.1001
371 -19.0949
372 -19.2347
373 -19.2296
374 -19.3694
375 -19.3642
376 -19.5041
377 -19.4989
378 -19.6387
379 -19.6335
380 -19.7733
381 -19.7682
382 -19.908
383 -19.9028
384 -20.0427
385 -20.0375
386 -20.1773
387 -20.1722
388 -20.312
389 -20.3068
390 -20.4466
391 -20.4414
392 -20.5813
393 -20.5761
394 -20.7159
395 -20.7107
396 -20.8505
397 -20.8454
398 -20.9851
399 -20.98
400 -21.1198
401 -21.1147
402 -21.2546
403 -21.2494
404 -21.3891
405 -21.384
406 -21.5238
407 -21.5187
408 -21.6585
409 -21.6534
410 -21.7931
411 -21.788
412 -21.9276
413 -21.9225
414 -22.0623
415 -22.0572
416 -22.1972
417 -22.192
418 -22.3319
419 -22.3268
420 -22.4665
421 -22.4614
422 -22.601
423 -22.5961
424 -22.7353
425 -22.7309
426 -22.8699
427 -22.8657
428 -23.0047
429 -23.0008
430 -23.1396
