1 7.06446
2 6.25947
3 5.72481
4 5.11311
5 4.6474
6 4.08693
7 3.65151
8 3.11642
9 2.69826
10 2.17846
11 1.77151
12 1.26197
13 0.86289
14 0.360738
15 -0.0325004
16 -0.529082
17 -0.917808
18 -1.41003
19 -1.79517
20 -2.28389
21 -2.6661
22 -3.15195
23 -3.53173
24 -4.01517
25 -4.3929
26 -4.8743
27 -5.25027
28 -5.72992
29 -6.10438
30 -6.58251
31 -6.95563
32 -7.43243
33 -7.80439
34 -8.28001
35 -8.65093
36 -9.1255
37 -9.4955
38 -9.96913
39 -10.3383
40 -10.8111
41 -11.1795
42 -11.6515
43 -12.0193
44 -12.4906
45 -12.8577
46 -13.3284
47 -13.6949
48 -14.1651
49 -14.5311
50 -15.0007
51 -15.3662
52 -15.8353
53 -16.2004
54 -16.669
55 -17.0337
56 -17.5019
57 -17.8662
58 -18.334
59 -18.698
60 -19.1654
61 -19.529
62 -19.9961
63 -20.3594
64 -20.8262
65 -21.1892
66 -21.6558
67 -22.0186
68 -22.4848
69 -22.8473
70 -23.3135
