0 2.27884
1 2.26905
2 2.2593
3 2.24959
4 2.23992
5 2.2303
6 2.22072
7 2.21118
8 2.20168
9 2.19222
10 2.18281
11 2.17343
12 2.1641
13 2.15481
14 2.14556
15 2.13635
16 2.12719
17 2.11806
18 2.10898
19 2.09994
20 2.09093
21 2.08197
22 2.07305
23 2.06417
24 2.05533
25 2.04653
26 2.03777
27 2.02905
28 2.02037
29 2.01173
30 2.00313
31 1.99457
32 1.98605
33 1.97756
34 1.96912
35 1.96072
36 1.95235
37 1.94402
38 1.93573
39 1.92748
40 1.91927
41 1.91109
42 1.90296
43 1.89486
44 1.88679
45 1.87877
46 1.87078
47 1.86282
48 1.85491
49 1.84703
50 1.83918
51 1.83137
52 1.8236
53 1.81586
54 1.80816
55 1.80049
56 1.79286
57 1.78526
58 1.7777
59 1.77017
60 1.76267
61 1.75521
62 1.74778
63 1.74038
64 1.73301
65 1.72568
66 1.71838
67 1.71111
68 1.70388
69 1.69667
70 1.6895
71 1.68236
72 1.67525
73 1.66817
74 1.66112
75 1.6541
76 1.64711
77 1.64015
78 1.63322
79 1.62631
80 1.61944
81 1.6126
82 1.60578
83 1.59899
84 1.59223
85 1.5855
86 1.57879
87 1.57211
88 1.56546
89 1.55883
90 1.55223
91 1.54566
92 1.53911
93 1.53259
94 1.52609
95 1.51962
96 1.51317
97 1.50675
98 1.50035
99 1.49398
100 1.48763
101 1.4813
102 1.475
103 1.46872
104 1.46246
105 1.45622
106 1.45001
107 1.44382
108 1.43765
109 1.4315
110 1.42537
111 1.41927
112 1.41319
113 1.40712
114 1.40108
115 1.39506
116 1.38905
117 1.38307
118 1.37711
119 1.37116
120 1.36523
121 1.35933
122 1.35344
123 1.34757
124 1.34172
125 1.33589
126 1.33007
127 1.32427
128 1.31849
129 1.31273
130 1.30698
131 1.30125
132 1.29554
133 1.28984
134 1.28416
135 1.27849
136 1.27284
137 1.26721
138 1.26159
139 1.25599
140 1.2504
141 1.24482
142 1.23926
143 1.23372
144 1.22819
145 1.22267
146 1.21717
147 1.21168
148 1.2062
149 1.20074
150 1.19529
151 1.18985
152 1.18443
153 1.17902
154 1.17362
155 1.16823
156 1.16286
157 1.15749
158 1.15214
159 1.1468
160 1.14148
161 1.13616
162 1.13085
163 1.12556
164 1.12028
165 1.115
166 1.10974
167 1.10449
168 1.09925
169 1.09402
170 1.08879
171 1.08358
172 1.07838
173 1.07319
174 1.06801
175 1.06283
176 1.05767
177 1.05251
178 1.04737
179 1.04223
180 1.0371
181 1.03198
182 1.02687
183 1.02176
184 1.01667
185 1.01158
186 1.0065
187 1.00143
188 0.996364
189 0.991307
190 0.986258
191 0.981217
192 0.976183
193 0.971155
194 0.966135
195 0.961122
196 0.956116
197 0.951117
198 0.946124
199 0.941138
200 0.936158
201 0.931185
202 0.926217
203 0.921257
204 0.916302
205 0.911353
206 0.90641
207 0.901473
208 0.896542
209 0.891616
210 0.886696
211 0.881781
212 0.876872
213 0.871968
214 0.86707
215 0.862176
216 0.857288
217 0.852404
218 0.847526
219 0.842652
220 0.837783
221 0.832919
222 0.82806
223 0.823205
224 0.818354
225 0.813508
226 0.808667
227 0.80383
228 0.798997
229 0.794168
230 0.789343
231 0.784522
232 0.779705
233 0.774893
234 0.770084
235 0.765278
236 0.760477
237 0.755679
238 0.750885
239 0.746095
240 0.741308
241 0.736524
242 0.731744
243 0.726967
244 0.722194
245 0.717424
246 0.712657
247 0.707893
248 0.703132
249 0.698374
250 0.69362
251 0.688868
252 0.684119
253 0.679374
254 0.674631
255 0.66989
256 0.665153
257 0.660418
258 0.655686
259 0.650957
260 0.64623
261 0.641506
262 0.636784
263 0.632065
264 0.627348
265 0.622634
266 0.617922
267 0.613212
268 0.608505
269 0.6038
270 0.599097
271 0.594396
272 0.589698
273 0.585001
274 0.580307
275 0.575615
276 0.570925
277 0.566237
278 0.56155
279 0.556866
280 0.552184
281 0.547504
282 0.542825
283 0.538149
284 0.533474
285 0.528801
286 0.52413
287 0.519461
288 0.514793
289 0.510127
290 0.505463
291 0.5008
292 0.496139
293 0.49148
294 0.486822
295 0.482166
296 0.477511
297 0.472858
298 0.468207
299 0.463557
300 0.458908
301 0.454261
302 0.449615
303 0.444971
304 0.440328
305 0.435687
306 0.431047
307 0.426408
308 0.421771
309 0.417135
310 0.4125
311 0.407867
312 0.403235
313 0.398604
314 0.393975
315 0.389346
316 0.384719
317 0.380094
318 0.375469
319 0.370846
320 0.366224
321 0.361603
322 0.356983
323 0.352364
324 0.347747
325 0.343131
326 0.338515
327 0.333901
328 0.329289
329 0.324677
330 0.320066
331 0.315456
332 0.310848
333 0.30624
334 0.301634
335 0.297029
336 0.292425
337 0.287821
338 0.283219
339 0.278618
340 0.274018
341 0.269419
342 0.264821
343 0.260224
344 0.255628
345 0.251033
346 0.246439
347 0.241847
348 0.237255
349 0.232664
350 0.228074
351 0.223485
352 0.218897
353 0.21431
354 0.209724
355 0.205139
356 0.200556
357 0.195973
358 0.191391
359 0.18681
360 0.18223
361 0.177651
362 0.173073
363 0.168496
364 0.16392
365 0.159345
366 0.15477
367 0.150197
368 0.145625
369 0.141054
370 0.136484
371 0.131915
372 0.127347
373 0.12278
374 0.118213
375 0.113648
376 0.109084
377 0.104521
378 0.0999588
379 0.0953977
380 0.0908375
381 0.0862784
382 0.0817203
383 0.0771633
384 0.0726072
385 0.0680522
386 0.0634983
387 0.0589453
388 0.0543934
389 0.0498426
390 0.0452928
391 0.040744
392 0.0361964
393 0.0316498
394 0.0271042
395 0.0225598
396 0.0180164
397 0.0134741
398 0.00893292
399 0.00439283
400 -0.000146152
401 -0.00468402
402 -0.00922077
403 -0.0137564
404 -0.0182909
405 -0.0228242
406 -0.0273565
407 -0.0318875
408 -0.0364174
409 -0.0409461
410 -0.0454737
411 -0.0500001
412 -0.0545252
413 -0.0590492
414 -0.063572
415 -0.0680936
416 -0.0726139
417 -0.077133
418 -0.0816509
419 -0.0861675
420 -0.0906829
421 -0.095197
422 -0.0997098
423 -0.104221
424 -0.108732
425 -0.113241
426 -0.117748
427 -0.122255
428 -0.12676
429 -0.131263
430 -0.135766
431 -0.140267
432 -0.144766
433 -0.149265
434 -0.153761
435 -0.158257
436 -0.162751
437 -0.167244
438 -0.171735
439 -0.176225
440 -0.180713
441 -0.1852
442 -0.189685
443 -0.194169
444 -0.198652
445 -0.203133
446 -0.207612
447 -0.21209
448 -0.216567
449 -0.221041
450 -0.225515
451 -0.229987
452 -0.234457
453 -0.238925
454 -0.243392
455 -0.247858
456 -0.252322
457 -0.256784
458 -0.261244
459 -0.265703
460 -0.27016
461 -0.274616
462 -0.27907
463 -0.283522
464 -0.287972
465 -0.292421
466 -0.296868
467 -0.301313
468 -0.305756
469 -0.310198
470 -0.314638
471 -0.319076
472 -0.323512
473 -0.327947
474 -0.33238
475 -0.33681
476 -0.341239
477 -0.345666
478 -0.350091
479 -0.354515
480 -0.358936
481 -0.363356
482 -0.367773
483 -0.372189
484 -0.376602
485 -0.381014
486 -0.385424
487 -0.389831
488 -0.394237
489 -0.398641
490 -0.403042
491 -0.407442
492 -0.411839
493 -0.416235
494 -0.420628
495 -0.425019
496 -0.429408
497 -0.433795
498 -0.43818
499 -0.442563
500 -0.446944
501 -0.451322
502 -0.455698
503 -0.460072
504 -0.464444
505 -0.468814
506 -0.473181
507 -0.477546
508 -0.481909
509 -0.48627
510 -0.490628
511 -0.494984
512 -0.499338
513 -0.503689
514 -0.508038
515 -0.512385
516 -0.516729
517 -0.521071
518 -0.52541
519 -0.529747
520 -0.534082
521 -0.538414
522 -0.542744
523 -0.547072
524 -0.551397
525 -0.555719
526 -0.560039
527 -0.564357
528 -0.568672
529 -0.572984
530 -0.577294
531 -0.581601
532 -0.585906
533 -0.590209
534 -0.594508
535 -0.598805
536 -0.6031
537 -0.607392
538 -0.611681
539 -0.615967
540 -0.620251
541 -0.624533
542 -0.628811
543 -0.633087
544 -0.63736
545 -0.641631
546 -0.645899
547 -0.650164
548 -0.654426
549 -0.658685
550 -0.662942
551 -0.667196
552 -0.671447
553 -0.675696
554 -0.679941
555 -0.684184
556 -0.688424
557 -0.692661
558 -0.696895
559 -0.701127
560 -0.705355
561 -0.709581
562 -0.713804
563 -0.718024
564 -0.722241
565 -0.726455
566 -0.730666
567 -0.734874
568 -0.739079
569 -0.743281
570 -0.74748
571 -0.751677
572 -0.75587
573 -0.76006
574 -0.764248
575 -0.768432
576 -0.772613
577 -0.776791
578 -0.780966
579 -0.785139
580 -0.789308
581 -0.793474
582 -0.797637
583 -0.801796
584 -0.805953
585 -0.810107
586 -0.814257
587 -0.818405
588 -0.822549
589 -0.82669
590 -0.830828
591 -0.834963
592 -0.839095
593 -0.843223
594 -0.847349
595 -0.851471
596 -0.85559
597 -0.859706
598 -0.863818
599 -0.867928
600 -0.872034
601 -0.876137
602 -0.880237
603 -0.884334
604 -0.888427
605 -0.892517
606 -0.896604
607 -0.900688
608 -0.904768
609 -0.908845
610 -0.912919
611 -0.91699
612 -0.921057
613 -0.925121
614 -0.929182
615 -0.933239
616 -0.937294
617 -0.941345
618 -0.945392
619 -0.949437
620 -0.953478
621 -0.957515
622 -0.96155
623 -0.965581
624 -0.969609
625 -0.973633
626 -0.977654
627 -0.981672
628 -0.985686
629 -0.989698
630 -0.993705
631 -0.99771
632 -1.00171
633 -1.00571
634 -1.0097
635 -1.01369
636 -1.01768
637 -1.02167
638 -1.02565
639 -1.02963
640 -1.0336
641 -1.03757
642 -1.04154
643 -1.0455
644 -1.04946
645 -1.05342
646 -1.05738
647 -1.06133
648 -1.06527
649 -1.06922
650 -1.07316
651 -1.0771
652 -1.08103
653 -1.08496
654 -1.08889
655 -1.09281
656 -1.09673
657 -1.10065
658 -1.10457
659 -1.10848
660 -1.11238
661 -1.11629
662 -1.12019
663 -1.12409
664 -1.12798
665 -1.13187
666 -1.13576
667 -1.13964
668 -1.14352
669 -1.1474
670 -1.15127
671 -1.15515
672 -1.15901
673 -1.16288
674 -1.16674
675 -1.1706
676 -1.17445
677 -1.1783
678 -1.18215
679 -1.18599
680 -1.18983
681 -1.19367
682 -1.19751
683 -1.20134
684 -1.20517
685 -1.20899
686 -1.21281
687 -1.21663
688 -1.22045
689 -1.22426
690 -1.22807
691 -1.23187
692 -1.23568
693 -1.23947
694 -1.24327
695 -1.24706
696 -1.25085
697 -1.25464
698 -1.25842
699 -1.2622
700 -1.26598
701 -1.26975
702 -1.27352
703 -1.27729
704 -1.28105
705 -1.28482
706 -1.28857
707 -1.29233
708 -1.29608
709 -1.29983
710 -1.30358
711 -1.30732
712 -1.31106
713 -1.31479
714 -1.31853
715 -1.32226
716 -1.32599
717 -1.32971
718 -1.33343
719 -1.33715
720 -1.34086
721 -1.34458
722 -1.34829
723 -1.35199
724 -1.3557
725 -1.3594
726 -1.36309
727 -1.36679
728 -1.37048
729 -1.37417
730 -1.37786
731 -1.38154
732 -1.38522
733 -1.3889
734 -1.39257
735 -1.39624
736 -1.39991
737 -1.40358
738 -1.40724
739 -1.4109
740 -1.41456
741 -1.41821
742 -1.42186
743 -1.42551
744 -1.42916
745 -1.4328
746 -1.43645
747 -1.44008
748 -1.44372
749 -1.44735
750 -1.45098
751 -1.45461
752 -1.45824
753 -1.46186
754 -1.46548
755 -1.46909
756 -1.47271
757 -1.47632
758 -1.47993
759 -1.48354
760 -1.48714
761 -1.49074
762 -1.49434
763 -1.49794
764 -1.50153
765 -1.50513
766 -1.50871
767 -1.5123
768 -1.51589
769 -1.51947
770 -1.52305
771 -1.52662
772 -1.5302
773 -1.53377
774 -1.53734
775 -1.54091
776 -1.54447
777 -1.54804
778 -1.5516
779 -1.55515
780 -1.55871
781 -1.56226
782 -1.56582
783 -1.56936
784 -1.57291
785 -1.57646
786 -1.58
787 -1.58354
788 -1.58708
789 -1.59061
790 -1.59415
791 -1.59768
792 -1.60121
793 -1.60473
794 -1.60826
795 -1.61178
796 -1.6153
797 -1.61882
798 -1.62234
799 -1.62586
800 -1.62937
801 -1.63288
802 -1.63639
803 -1.63989
804 -1.6434
805 -1.6469
806 -1.6504
807 -1.6539
808 -1.6574
809 -1.6609
810 -1.66439
811 -1.66788
812 -1.67137
813 -1.67486
814 -1.67835
815 -1.68183
816 -1.68531
817 -1.68879
818 -1.69227
819 -1.69575
820 -1.69922
821 -1.7027
822 -1.70617
823 -1.70964
824 -1.71311
825 -1.71658
826 -1.72004
827 -1.72351
828 -1.72697
829 -1.73043
830 -1.73389
831 -1.73735
832 -1.7408
833 -1.74426
834 -1.74771
835 -1.75116
836 -1.75461
837 -1.75806
838 -1.7615
839 -1.76495
840 -1.76839
841 -1.77184
842 -1.77528
843 -1.77872
844 -1.78215
845 -1.78559
846 -1.78903
847 -1.79246
848 -1.79589
849 -1.79932
850 -1.80275
851 -1.80618
852 -1.80961
853 -1.81304
854 -1.81646
855 -1.81988
856 -1.82331
857 -1.82673
858 -1.83015
859 -1.83357
860 -1.83698
861 -1.8404
862 -1.84382
863 -1.84723
864 -1.85064
865 -1.85405
866 -1.85747
867 -1.86087
868 -1.86428
869 -1.86769
870 -1.8711
871 -1.8745
872 -1.87791
873 -1.88131
874 -1.88471
875 -1.88811
876 -1.89151
877 -1.89491
878 -1.89831
879 -1.90171
880 -1.90511
881 -1.9085
882 -1.9119
883 -1.91529
884 -1.91868
885 -1.92208
886 -1.92547
887 -1.92886
888 -1.93225
889 -1.93564
890 -1.93902
891 -1.94241
892 -1.9458
893 -1.94918
894 -1.95257
895 -1.95595
896 -1.95934
897 -1.96272
898 -1.9661
899 -1.96948
900 -1.97286
901 -1.97624
902 -1.97962
903 -1.983
904 -1.98638
905 -1.98976
906 -1.99313
907 -1.99651
908 -1.99989
909 -2.00326
910 -2.00664
911 -2.01001
912 -2.01338
913 -2.01676
914 -2.02013
915 -2.0235
916 -2.02687
917 -2.03024
918 -2.03361
919 -2.03698
920 -2.04035
921 -2.04372
922 -2.04709
923 -2.05046
924 -2.05383
925 -2.05719
926 -2.06056
927 -2.06393
928 -2.06729
929 -2.07066
930 -2.07402
931 -2.07739
932 -2.08075
933 -2.08412
934 -2.08748
935 -2.09085
936 -2.09421
937 -2.09757
938 -2.10094
939 -2.1043
940 -2.10766
941 -2.11102
942 -2.11438
943 -2.11775
944 -2.12111
945 -2.12447
946 -2.12783
947 -2.13119
948 -2.13455
949 -2.13791
950 -2.14127
951 -2.14463
952 -2.14799
953 -2.15135
954 -2.15471
955 -2.15807
956 -2.16143
957 -2.16479
958 -2.16815
959 -2.17151
960 -2.17487
961 -2.17823
962 -2.18159
963 -2.18495
964 -2.1883
965 -2.19166
966 -2.19502
967 -2.19838
968 -2.20174
969 -2.2051
970 -2.20846
971 -2.21182
972 -2.21518
973 -2.21853
974 -2.22189
975 -2.22525
976 -2.22861
977 -2.23197
978 -2.23533
979 -2.23869
980 -2.24205
981 -2.24541
982 -2.24877
983 -2.25213
984 -2.25549
985 -2.25884
986 -2.2622
987 -2.26556
988 -2.26892
989 -2.27228
990 -2.27565
991 -2.27901
992 -2.28237
993 -2.28573
994 -2.28909
995 -2.29245
996 -2.29581
997 -2.29917
998 -2.30253
999 -2.3059
1000 -2.30926
1001 -2.31262
1002 -2.31598
1003 -2.31935
1004 -2.32271
1005 -2.32607
1006 -2.32944
1007 -2.3328
1008 -2.33616
1009 -2.33953
1010 -2.34289
1011 -2.34626
1012 -2.34962
1013 -2.35299
1014 -2.35636
1015 -2.35972
1016 -2.36309
1017 -2.36645
1018 -2.36982
1019 -2.37319
1020 -2.37656
1021 -2.37992
1022 -2.38329
1023 -2.38666
1024 -2.39003
1025 -2.3934
1026 -2.39677
1027 -2.40014
1028 -2.40351
1029 -2.40688
1030 -2.41025
1031 -2.41362
1032 -2.417
1033 -2.42037
1034 -2.42374
1035 -2.42711
1036 -2.43049
1037 -2.43386
1038 -2.43724
1039 -2.44061
1040 -2.44398
1041 -2.44736
1042 -2.45074
1043 -2.45411
1044 -2.45749
1045 -2.46087
1046 -2.46424
1047 -2.46762
1048 -2.471
1049 -2.47438
1050 -2.47776
1051 -2.48114
1052 -2.48452
1053 -2.4879
1054 -2.49128
1055 -2.49467
1056 -2.49805
1057 -2.50143
1058 -2.50481
1059 -2.5082
1060 -2.51158
1061 -2.51497
1062 -2.51835
1063 -2.52174
1064 -2.52512
1065 -2.52851
1066 -2.5319
1067 -2.53529
1068 -2.53867
1069 -2.54206
1070 -2.54545
1071 -2.54884
1072 -2.55223
1073 -2.55562
1074 -2.55902
1075 -2.56241
1076 -2.5658
1077 -2.56919
1078 -2.57259
1079 -2.57598
1080 -2.57938
1081 -2.58277
1082 -2.58617
1083 -2.58957
1084 -2.59296
1085 -2.59636
1086 -2.59976
1087 -2.60316
1088 -2.60656
1089 -2.60996
1090 -2.61336
1091 -2.61676
1092 -2.62016
1093 -2.62356
1094 -2.62697
1095 -2.63037
1096 -2.63377
1097 -2.63718
1098 -2.64058
1099 -2.64399
1100 -2.6474
1101 -2.6508
1102 -2.65421
1103 -2.65762
1104 -2.66103
1105 -2.66444
1106 -2.66785
1107 -2.67126
1108 -2.67467
1109 -2.67808
1110 -2.68149
1111 -2.68491
1112 -2.68832
1113 -2.69174
1114 -2.69515
1115 -2.69857
1116 -2.70198
1117 -2.7054
1118 -2.70882
1119 -2.71223
1120 -2.71565
1121 -2.71907
1122 -2.72249
1123 -2.72591
1124 -2.72934
1125 -2.73276
1126 -2.73618
1127 -2.7396
1128 -2.74303
1129 -2.74645
1130 -2.74988
1131 -2.7533
1132 -2.75673
1133 -2.76016
1134 -2.76358
1135 -2.76701
1136 -2.77044
1137 -2.77387
1138 -2.7773
1139 -2.78073
1140 -2.78417
1141 -2.7876
1142 -2.79103
1143 -2.79446
1144 -2.7979
1145 -2.80133
1146 -2.80477
1147 -2.80821
1148 -2.81164
1149 -2.81508
1150 -2.81852
1151 -2.82196
1152 -2.8254
1153 -2.82884
1154 -2.83228
1155 -2.83572
1156 -2.83916
1157 -2.84261
1158 -2.84605
1159 -2.84949
1160 -2.85294
1161 -2.85638
1162 -2.85983
1163 -2.86328
1164 -2.86673
1165 -2.87017
1166 -2.87362
1167 -2.87707
1168 -2.88052
1169 -2.88397
1170 -2.88743
1171 -2.89088
1172 -2.89433
1173 -2.89778
1174 -2.90124
1175 -2.90469
1176 -2.90815
1177 -2.91161
1178 -2.91506
1179 -2.91852
1180 -2.92198
1181 -2.92544
1182 -2.9289
1183 -2.93236
1184 -2.93582
1185 -2.93928
1186 -2.94274
1187 -2.94621
1188 -2.94967
1189 -2.95314
1190 -2.9566
1191 -2.96007
1192 -2.96353
1193 -2.967
1194 -2.97047
1195 -2.97394
1196 -2.97741
1197 -2.98088
1198 -2.98435
1199 -2.98782
1200 -2.99129
1201 -2.99476
1202 -2.99823
1203 -3.00171
1204 -3.00518
1205 -3.00866
1206 -3.01213
1207 -3.01561
1208 -3.01909
1209 -3.02257
1210 -3.02604
1211 -3.02952
1212 -3.033
1213 -3.03648
1214 -3.03997
1215 -3.04345
1216 -3.04693
1217 -3.05041
1218 -3.0539
1219 -3.05738
1220 -3.06087
1221 -3.06435
1222 -3.06784
1223 -3.07133
1224 -3.07482
1225 -3.0783
1226 -3.08179
1227 -3.08528
1228 -3.08877
1229 -3.09227
1230 -3.09576
1231 -3.09925
1232 -3.10274
1233 -3.10624
1234 -3.10973
1235 -3.11323
1236 -3.11672
1237 -3.12022
1238 -3.12372
1239 -3.12721
1240 -3.13071
1241 -3.13421
1242 -3.13771
1243 -3.14121
1244 -3.14471
1245 -3.14822
1246 -3.15172
1247 -3.15522
1248 -3.15873
1249 -3.16223
1250 -3.16573
1251 -3.16924
1252 -3.17275
1253 -3.17625
1254 -3.17976
1255 -3.18327
1256 -3.18678
1257 -3.19029
1258 -3.1938
1259 -3.19731
1260 -3.20082
1261 -3.20433
1262 -3.20785
1263 -3.21136
1264 -3.21487
1265 -3.21839
1266 -3.2219
1267 -3.22542
1268 -3.22894
1269 -3.23246
1270 -3.23597
1271 -3.23949
1272 -3.24301
1273 -3.24653
1274 -3.25005
1275 -3.25357
1276 -3.25709
1277 -3.26062
1278 -3.26414
1279 -3.26766
1280 -3.27119
1281 -3.27471
1282 -3.27824
1283 -3.28177
1284 -3.28529
1285 -3.28882
1286 -3.29235
1287 -3.29588
1288 -3.29941
1289 -3.30294
1290 -3.30647
1291 -3.31
1292 -3.31353
1293 -3.31706
1294 -3.3206
1295 -3.32413
1296 -3.32767
1297 -3.3312
1298 -3.33474
1299 -3.33827
1300 -3.34181
1301 -3.34535
1302 -3.34888
1303 -3.35242
1304 -3.35596
1305 -3.3595
1306 -3.36304
1307 -3.36659
1308 -3.37013
1309 -3.37367
1310 -3.37721
1311 -3.38076
1312 -3.3843
1313 -3.38785
1314 -3.39139
1315 -3.39494
1316 -3.39848
1317 -3.40203
1318 -3.40558
1319 -3.40913
1320 -3.41268
1321 -3.41623
1322 -3.41978
1323 -3.42333
1324 -3.42688
1325 -3.43043
1326 -3.43399
1327 -3.43754
1328 -3.44109
1329 -3.44465
1330 -3.4482
1331 -3.45176
1332 -3.45532
1333 -3.45887
1334 -3.46243
1335 -3.46599
1336 -3.46955
1337 -3.47311
1338 -3.47667
1339 -3.48023
1340 -3.48379
1341 -3.48735
1342 -3.49091
1343 -3.49448
1344 -3.49804
1345 -3.5016
1346 -3.50517
1347 -3.50873
1348 -3.5123
1349 -3.51587
1350 -3.51943
1351 -3.523
1352 -3.52657
1353 -3.53014
1354 -3.53371
1355 -3.53728
1356 -3.54085
1357 -3.54442
1358 -3.54799
1359 -3.55156
1360 -3.55514
1361 -3.55871
1362 -3.56228
1363 -3.56586
1364 -3.56943
1365 -3.57301
1366 -3.57659
1367 -3.58016
1368 -3.58374
1369 -3.58732
1370 -3.5909
1371 -3.59448
1372 -3.59806
1373 -3.60164
1374 -3.60522
1375 -3.6088
1376 -3.61238
1377 -3.61596
1378 -3.61955
1379 -3.62313
1380 -3.62672
1381 -3.6303
1382 -3.63389
1383 -3.63747
1384 -3.64106
1385 -3.64465
1386 -3.64823
1387 -3.65182
1388 -3.65541
1389 -3.659
1390 -3.66259
1391 -3.66618
1392 -3.66977
1393 -3.67336
1394 -3.67696
1395 -3.68055
1396 -3.68414
1397 -3.68774
1398 -3.69133
1399 -3.69493
1400 -3.69852
1401 -3.70212
1402 -3.70572
1403 -3.70931
1404 -3.71291
1405 -3.71651
1406 -3.72011
1407 -3.72371
1408 -3.72731
1409 -3.73091
1410 -3.73451
1411 -3.73811
1412 -3.74171
1413 -3.74532
1414 -3.74892
1415 -3.75252
1416 -3.75613
1417 -3.75973
1418 -3.76334
1419 -3.76695
1420 -3.77055
1421 -3.77416
1422 -3.77777
1423 -3.78138
1424 -3.78499
1425 -3.7886
1426 -3.79221
1427 -3.79582
1428 -3.79943
1429 -3.80304
1430 -3.80665
1431 -3.81026
1432 -3.81388
1433 -3.81749
1434 -3.82111
1435 -3.82472
1436 -3.82834
1437 -3.83195
1438 -3.83557
1439 -3.83919
1440 -3.8428
1441 -3.84642
1442 -3.85004
1443 -3.85366
1444 -3.85728
1445 -3.8609
1446 -3.86452
1447 -3.86814
1448 -3.87177
1449 -3.87539
1450 -3.87901
1451 -3.88264
1452 -3.88626
1453 -3.88989
1454 -3.89351
1455 -3.89714
1456 -3.90076
1457 -3.90439
1458 -3.90802
1459 -3.91165
1460 -3.91527
1461 -3.9189
1462 -3.92253
1463 -3.92616
1464 -3.92979
1465 -3.93343
1466 -3.93706
1467 -3.94069
1468 -3.94432
1469 -3.94796
1470 -3.95159
1471 -3.95522
1472 -3.95886
1473 -3.96249
1474 -3.96613
1475 -3.96977
1476 -3.9734
1477 -3.97704
1478 -3.98068
1479 -3.98432
1480 -3.98796
1481 -3.9916
1482 -3.99524
1483 -3.99888
1484 -4.00252
1485 -4.00616
1486 -4.00981
1487 -4.01345
1488 -4.01709
1489 -4.02074
1490 -4.02438
1491 -4.02803
1492 -4.03167
1493 -4.03532
1494 -4.03897
1495 -4.04261
1496 -4.04626
1497 -4.04991
1498 -4.05356
1499 -4.05721
1500 -4.06086
1501 -4.06451
1502 -4.06816
1503 -4.07181
1504 -4.07546
1505 -4.07912
1506 -4.08277
1507 -4.08642
1508 -4.09008
1509 -4.09373
1510 -4.09739
1511 -4.10104
1512 -4.1047
1513 -4.10836
1514 -4.11202
1515 -4.11567
1516 -4.11933
1517 -4.12299
1518 -4.12665
1519 -4.13031
1520 -4.13397
1521 -4.13763
1522 -4.14129
1523 -4.14496
1524 -4.14862
1525 -4.15228
1526 -4.15595
1527 -4.15961
1528 -4.16328
1529 -4.16694
1530 -4.17061
1531 -4.17427
1532 -4.17794
1533 -4.18161
1534 -4.18528
1535 -4.18895
1536 -4.19262
1537 -4.19629
1538 -4.19996
1539 -4.20363
1540 -4.2073
1541 -4.21097
1542 -4.21464
1543 -4.21832
1544 -4.22199
1545 -4.22566
1546 -4.22934
1547 -4.23301
1548 -4.23669
1549 -4.24036
1550 -4.24404
1551 -4.24772
1552 -4.2514
1553 -4.25507
1554 -4.25875
1555 -4.26243
1556 -4.26611
1557 -4.26979
1558 -4.27347
1559 -4.27716
1560 -4.28084
1561 -4.28452
1562 -4.2882
1563 -4.29189
1564 -4.29557
1565 -4.29926
1566 -4.30294
1567 -4.30663
1568 -4.31031
1569 -4.314
1570 -4.31769
1571 -4.32138
1572 -4.32506
1573 -4.32875
1574 -4.33244
1575 -4.33613
1576 -4.33982
1577 -4.34351
1578 -4.34721
1579 -4.3509
1580 -4.35459
1581 -4.35828
1582 -4.36198
1583 -4.36567
1584 -4.36937
1585 -4.37306
1586 -4.37676
1587 -4.38045
1588 -4.38415
1589 -4.38785
1590 -4.39155
1591 -4.39525
1592 -4.39894
1593 -4.40264
1594 -4.40634
1595 -4.41005
1596 -4.41375
1597 -4.41745
1598 -4.42115
1599 -4.42485
1600 -4.42856
1601 -4.43226
1602 -4.43597
1603 -4.43967
1604 -4.44338
1605 -4.44708
1606 -4.45079
1607 -4.4545
1608 -4.4582
1609 -4.46191
1610 -4.46562
1611 -4.46933
1612 -4.47304
1613 -4.47675
1614 -4.48046
1615 -4.48417
1616 -4.48789
1617 -4.4916
1618 -4.49531
1619 -4.49902
1620 -4.50274
1621 -4.50645
1622 -4.51017
1623 -4.51388
1624 -4.5176
1625 -4.52132
1626 -4.52504
1627 -4.52875
1628 -4.53247
1629 -4.53619
1630 -4.53991
1631 -4.54363
1632 -4.54735
1633 -4.55107
1634 -4.55479
1635 -4.55852
1636 -4.56224
1637 -4.56596
1638 -4.56969
1639 -4.57341
1640 -4.57714
1641 -4.58086
1642 -4.58459
1643 -4.58831
1644 -4.59204
1645 -4.59577
1646 -4.5995
1647 -4.60323
1648 -4.60695
1649 -4.61068
1650 -4.61441
1651 -4.61815
1652 -4.62188
1653 -4.62561
1654 -4.62934
1655 -4.63307
1656 -4.63681
1657 -4.64054
1658 -4.64428
1659 -4.64801
1660 -4.65175
1661 -4.65548
1662 -4.65922
1663 -4.66296
1664 -4.6667
1665 -4.67043
1666 -4.67417
1667 -4.67791
1668 -4.68165
1669 -4.68539
1670 -4.68913
1671 -4.69288
1672 -4.69662
1673 -4.70036
1674 -4.7041
1675 -4.70785
1676 -4.71159
1677 -4.71534
1678 -4.71908
1679 -4.72283
1680 -4.72658
1681 -4.73032
1682 -4.73407
1683 -4.73782
1684 -4.74157
1685 -4.74532
1686 -4.74907
1687 -4.75282
1688 -4.75657
1689 -4.76032
1690 -4.76407
1691 -4.76782
1692 -4.77158
1693 -4.77533
1694 -4.77908
1695 -4.78284
1696 -4.78659
1697 -4.79035
1698 -4.79411
1699 -4.79786
1700 -4.80162
1701 -4.80538
1702 -4.80914
1703 -4.81289
1704 -4.81665
1705 -4.82041
1706 -4.82417
1707 -4.82794
1708 -4.8317
1709 -4.83546
1710 -4.83922
1711 -4.84299
1712 -4.84675
1713 -4.85051
1714 -4.85428
1715 -4.85804
1716 -4.86181
1717 -4.86558
1718 -4.86934
1719 -4.87311
1720 -4.87688
1721 -4.88065
1722 -4.88442
1723 -4.88819
1724 -4.89196
1725 -4.89573
1726 -4.8995
1727 -4.90327
1728 -4.90704
1729 -4.91082
1730 -4.91459
1731 -4.91836
1732 -4.92214
1733 -4.92591
1734 -4.92969
1735 -4.93346
1736 -4.93724
1737 -4.94102
1738 -4.9448
1739 -4.94857
1740 -4.95235
1741 -4.95613
1742 -4.95991
1743 -4.96369
1744 -4.96747
1745 -4.97126
1746 -4.97504
1747 -4.97882
1748 -4.9826
1749 -4.98639
1750 -4.99017
1751 -4.99396
1752 -4.99774
1753 -5.00153
1754 -5.00531
1755 -5.0091
1756 -5.01289
1757 -5.01667
1758 -5.02046
1759 -5.02425
1760 -5.02804
1761 -5.03183
1762 -5.03562
1763 -5.03941
1764 -5.0432
1765 -5.047
1766 -5.05079
1767 -5.05458
1768 -5.05838
1769 -5.06217
1770 -5.06597
1771 -5.06976
1772 -5.07356
1773 -5.07735
1774 -5.08115
1775 -5.08495
1776 -5.08874
1777 -5.09254
1778 -5.09634
1779 -5.10014
1780 -5.10394
1781 -5.10774
1782 -5.11154
1783 -5.11534
1784 -5.11915
1785 -5.12295
1786 -5.12675
1787 -5.13056
1788 -5.13436
1789 -5.13816
1790 -5.14197
1791 -5.14578
1792 -5.14958
1793 -5.15339
1794 -5.1572
1795 -5.161
1796 -5.16481
1797 -5.16862
1798 -5.17243
1799 -5.17624
1800 -5.18005
1801 -5.18386
1802 -5.18767
1803 -5.19149
1804 -5.1953
1805 -5.19911
1806 -5.20292
1807 -5.20674
1808 -5.21055
1809 -5.21437
1810 -5.21818
1811 -5.222
1812 -5.22582
1813 -5.22963
1814 -5.23345
1815 -5.23727
1816 -5.24109
1817 -5.24491
1818 -5.24873
1819 -5.25255
1820 -5.25637
1821 -5.26019
1822 -5.26401
1823 -5.26783
1824 -5.27165
1825 -5.27548
1826 -5.2793
1827 -5.28313
1828 -5.28695
1829 -5.29078
1830 -5.2946
1831 -5.29843
1832 -5.30225
1833 -5.30608
1834 -5.30991
1835 -5.31374
1836 -5.31757
1837 -5.3214
1838 -5.32523
1839 -5.32906
1840 -5.33289
1841 -5.33672
1842 -5.34055
1843 -5.34438
1844 -5.34821
1845 -5.35205
1846 -5.35588
1847 -5.35972
1848 -5.36355
1849 -5.36739
1850 -5.37122
1851 -5.37506
1852 -5.37889
1853 -5.38273
1854 -5.38657
1855 -5.39041
1856 -5.39425
1857 -5.39808
1858 -5.40192
1859 -5.40576
1860 -5.4096
1861 -5.41345
1862 -5.41729
1863 -5.42113
1864 -5.42497
1865 -5.42881
1866 -5.43266
1867 -5.4365
1868 -5.44035
1869 -5.44419
1870 -5.44804
1871 -5.45188
1872 -5.45573
1873 -5.45958
1874 -5.46342
1875 -5.46727
1876 -5.47112
1877 -5.47497
1878 -5.47882
1879 -5.48267
1880 -5.48652
1881 -5.49037
1882 -5.49422
1883 -5.49807
1884 -5.50192
1885 -5.50578
1886 -5.50963
1887 -5.51348
1888 -5.51734
1889 -5.52119
1890 -5.52505
1891 -5.5289
1892 -5.53276
1893 -5.53661
1894 -5.54047
1895 -5.54433
1896 -5.54818
1897 -5.55204
1898 -5.5559
1899 -5.55976
1900 -5.56362
1901 -5.56748
1902 -5.57134
1903 -5.5752
1904 -5.57906
1905 -5.58292
1906 -5.58679
1907 -5.59065
1908 -5.59451
1909 -5.59838
1910 -5.60224
1911 -5.6061
1912 -5.60997
1913 -5.61383
1914 -5.6177
1915 -5.62157
1916 -5.62543
1917 -5.6293
1918 -5.63317
1919 -5.63704
1920 -5.64091
1921 -5.64477
1922 -5.64864
1923 -5.65251
1924 -5.65638
1925 -5.66025
1926 -5.66413
1927 -5.668
1928 -5.67187
1929 -5.67574
1930 -5.67961
1931 -5.68349
1932 -5.68736
1933 -5.69124
1934 -5.69511
1935 -5.69899
1936 -5.70286
1937 -5.70674
1938 -5.71061
1939 -5.71449
1940 -5.71837
1941 -5.72225
1942 -5.72612
1943 -5.73
1944 -5.73388
1945 -5.73776
1946 -5.74164
1947 -5.74552
1948 -5.7494
1949 -5.75328
1950 -5.75716
1951 -5.76104
1952 -5.76493
1953 -5.76881
1954 -5.77269
1955 -5.77658
1956 -5.78046
1957 -5.78434
1958 -5.78823
1959 -5.79211
1960 -5.796
1961 -5.79989
1962 -5.80377
1963 -5.80766
1964 -5.81155
1965 -5.81543
1966 -5.81932
1967 -5.82321
1968 -5.8271
1969 -5.83099
1970 -5.83488
1971 -5.83877
1972 -5.84266
1973 -5.84655
1974 -5.85044
1975 -5.85433
1976 -5.85822
1977 -5.86212
1978 -5.86601
1979 -5.8699
1980 -5.87379
1981 -5.87769
1982 -5.88158
1983 -5.88548
1984 -5.88937
1985 -5.89327
1986 -5.89716
1987 -5.90106
1988 -5.90496
1989 -5.90885
1990 -5.91275
1991 -5.91665
1992 -5.92055
1993 -5.92445
1994 -5.92834
1995 -5.93224
1996 -5.93614
1997 -5.94004
1998 -5.94394
1999 -5.94784
2000 -5.95174
2001 -5.95565
2002 -5.95955
2003 -5.96345
2004 -5.96735
2005 -5.97126
2006 -5.97516
2007 -5.97906
2008 -5.98297
2009 -5.98687
2010 -5.99077
2011 -5.99468
2012 -5.99859
2013 -6.00249
2014 -6.0064
2015 -6.0103
2016 -6.01421
2017 -6.01812
2018 -6.02202
2019 -6.02593
2020 -6.02984
2021 -6.03375
2022 -6.03766
2023 -6.04157
2024 -6.04548
2025 -6.04939
2026 -6.0533
2027 -6.05721
2028 -6.06112
2029 -6.06503
2030 -6.06894
2031 -6.07285
2032 -6.07677
2033 -6.08068
2034 -6.08459
2035 -6.0885
2036 -6.09242
2037 -6.09633
2038 -6.10025
2039 -6.10416
2040 -6.10807
2041 -6.11199
2042 -6.11591
2043 -6.11982
2044 -6.12374
2045 -6.12765
2046 -6.13157
2047 -6.13549
2048 -6.13941
2049 -6.14332
2050 -6.14724
2051 -6.15116
2052 -6.15508
2053 -6.159
2054 -6.16292
2055 -6.16684
2056 -6.17076
2057 -6.17468
2058 -6.1786
2059 -6.18252
2060 -6.18644
2061 -6.19036
2062 -6.19428
2063 -6.1982
2064 -6.20213
2065 -6.20605
2066 -6.20997
2067 -6.21389
2068 -6.21782
2069 -6.22174
2070 -6.22566
2071 -6.22959
2072 -6.23351
2073 -6.23744
2074 -6.24136
2075 -6.24529
2076 -6.24922
2077 -6.25314
2078 -6.25707
2079 -6.26099
2080 -6.26492
2081 -6.26885
2082 -6.27278
2083 -6.2767
2084 -6.28063
2085 -6.28456
2086 -6.28849
2087 -6.29242
2088 -6.29635
2089 -6.30027
2090 -6.3042
2091 -6.30813
2092 -6.31206
2093 -6.31599
2094 -6.31993
2095 -6.32386
2096 -6.32779
2097 -6.33172
2098 -6.33565
2099 -6.33958
2100 -6.34351
2101 -6.34745
2102 -6.35138
2103 -6.35531
2104 -6.35925
2105 -6.36318
2106 -6.36711
2107 -6.37105
2108 -6.37498
2109 -6.37891
2110 -6.38285
2111 -6.38678
2112 -6.39072
2113 -6.39465
2114 -6.39859
2115 -6.40253
2116 -6.40646
2117 -6.4104
2118 -6.41433
2119 -6.41827
2120 -6.42221
2121 -6.42615
2122 -6.43008
2123 -6.43402
2124 -6.43796
2125 -6.4419
2126 -6.44584
2127 -6.44977
2128 -6.45371
2129 -6.45765
2130 -6.46159
2131 -6.46553
2132 -6.46947
2133 -6.47341
2134 -6.47735
2135 -6.48129
2136 -6.48523
2137 -6.48917
2138 -6.49311
2139 -6.49705
2140 -6.50099
2141 -6.50494
2142 -6.50888
2143 -6.51282
2144 -6.51676
2145 -6.5207
2146 -6.52465
2147 -6.52859
2148 -6.53253
2149 -6.53647
2150 -6.54042
2151 -6.54436
2152 -6.54831
2153 -6.55225
2154 -6.55619
2155 -6.56014
2156 -6.56408
2157 -6.56803
2158 -6.57197
2159 -6.57592
2160 -6.57986
2161 -6.58381
2162 -6.58775
2163 -6.5917
2164 -6.59564
2165 -6.59959
2166 -6.60354
2167 -6.60748
2168 -6.61143
2169 -6.61538
2170 -6.61932
2171 -6.62327
2172 -6.62722
2173 -6.63116
2174 -6.63511
2175 -6.63906
2176 -6.64301
2177 -6.64696
2178 -6.6509
2179 -6.65485
2180 -6.6588
2181 -6.66275
2182 -6.6667
2183 -6.67065
2184 -6.6746
2185 -6.67855
2186 -6.6825
2187 -6.68645
2188 -6.69039
2189 -6.69434
2190 -6.69829
2191 -6.70224
2192 -6.7062
2193 -6.71015
2194 -6.7141
2195 -6.71805
2196 -6.722
2197 -6.72595
2198 -6.7299
2199 -6.73385
2200 -6.7378
2201 -6.74175
2202 -6.74571
2203 -6.74966
2204 -6.75361
2205 -6.75756
2206 -6.76151
2207 -6.76547
2208 -6.76942
2209 -6.77337
2210 -6.77732
2211 -6.78128
2212 -6.78523
2213 -6.78918
2214 -6.79314
2215 -6.79709
2216 -6.80104
2217 -6.805
2218 -6.80895
2219 -6.8129
2220 -6.81686
2221 -6.82081
2222 -6.82477
2223 -6.82872
2224 -6.83267
2225 -6.83663
2226 -6.84058
2227 -6.84454
2228 -6.84849
2229 -6.85245
2230 -6.8564
2231 -6.86036
2232 -6.86431
2233 -6.86827
2234 -6.87222
2235 -6.87618
2236 -6.88013
2237 -6.88409
2238 -6.88804
2239 -6.892
2240 -6.89595
2241 -6.89991
2242 -6.90387
2243 -6.90782
2244 -6.91178
2245 -6.91574
2246 -6.91969
2247 -6.92365
2248 -6.9276
2249 -6.93156
2250 -6.93552
2251 -6.93947
2252 -6.94343
2253 -6.94739
2254 -6.95134
2255 -6.9553
2256 -6.95926
2257 -6.96322
2258 -6.96717
2259 -6.97113
2260 -6.97509
2261 -6.97904
2262 -6.983
2263 -6.98696
2264 -6.99092
2265 -6.99487
2266 -6.99883
2267 -7.00279
2268 -7.00675
2269 -7.0107
2270 -7.01466
2271 -7.01862
2272 -7.02258
2273 -7.02654
2274 -7.03049
2275 -7.03445
2276 -7.03841
2277 -7.04237
2278 -7.04633
2279 -7.05028
2280 -7.05424
2281 -7.0582
2282 -7.06216
2283 -7.06612
2284 -7.07008
2285 -7.07403
2286 -7.07799
2287 -7.08195
2288 -7.08591
2289 -7.08987
2290 -7.09383
2291 -7.09779
2292 -7.10174
2293 -7.1057
2294 -7.10966
2295 -7.11362
2296 -7.11758
2297 -7.12154
2298 -7.1255
2299 -7.12946
2300 -7.13341
2301 -7.13737
2302 -7.14133
2303 -7.14529
2304 -7.14925
2305 -7.15321
2306 -7.15717
2307 -7.16113
2308 -7.16509
2309 -7.16904
2310 -7.173
2311 -7.17696
2312 -7.18092
2313 -7.18488
2314 -7.18884
2315 -7.1928
2316 -7.19676
2317 -7.20072
2318 -7.20467
2319 -7.20863
2320 -7.21259
2321 -7.21655
2322 -7.22051
2323 -7.22447
2324 -7.22843
2325 -7.23239
2326 -7.23635
2327 -7.24031
2328 -7.24426
2329 -7.24822
2330 -7.25218
2331 -7.25614
2332 -7.2601
2333 -7.26406
2334 -7.26802
2335 -7.27198
2336 -7.27593
2337 -7.27989
2338 -7.28385
2339 -7.28781
2340 -7.29177
2341 -7.29573
2342 -7.29969
2343 -7.30364
2344 -7.3076
2345 -7.31156
2346 -7.31552
2347 -7.31948
2348 -7.32344
2349 -7.3274
2350 -7.33135
2351 -7.33531
2352 -7.33927
2353 -7.34323
2354 -7.34719
2355 -7.35114
2356 -7.3551
2357 -7.35906
2358 -7.36302
2359 -7.36698
2360 -7.37093
2361 -7.37489
2362 -7.37885
2363 -7.38281
2364 -7.38677
2365 -7.39072
2366 -7.39468
2367 -7.39864
2368 -7.4026
2369 -7.40655
2370 -7.41051
2371 -7.41447
2372 -7.41843
2373 -7.42238
2374 -7.42634
2375 -7.4303
2376 -7.43425
2377 -7.43821
2378 -7.44217
2379 -7.44612
2380 -7.45008
2381 -7.45404
2382 -7.45799
2383 -7.46195
2384 -7.46591
2385 -7.46986
2386 -7.47382
2387 -7.47778
2388 -7.48173
2389 -7.48569
2390 -7.48965
2391 -7.4936
2392 -7.49756
2393 -7.50151
2394 -7.50547
2395 -7.50942
2396 -7.51338
2397 -7.51734
2398 -7.52129
2399 -7.52525
2400 -7.5292
2401 -7.53316
2402 -7.53711
2403 -7.54107
2404 -7.54502
2405 -7.54898
2406 -7.55293
2407 -7.55689
2408 -7.56084
2409 -7.56479
2410 -7.56875
2411 -7.5727
2412 -7.57666
2413 -7.58061
2414 -7.58456
2415 -7.58852
2416 -7.59247
2417 -7.59643
2418 -7.60038
2419 -7.60433
2420 -7.60829
2421 -7.61224
2422 -7.61619
2423 -7.62014
2424 -7.6241
2425 -7.62805
2426 -7.632
2427 -7.63596
2428 -7.63991
2429 -7.64386
2430 -7.64781
2431 -7.65176
2432 -7.65572
2433 -7.65967
2434 -7.66362
2435 -7.66757
2436 -7.67152
2437 -7.67547
2438 -7.67943
2439 -7.68338
2440 -7.68733
2441 -7.69128
2442 -7.69523
2443 -7.69918
2444 -7.70313
2445 -7.70708
2446 -7.71103
2447 -7.71498
2448 -7.71893
2449 -7.72288
2450 -7.72683
2451 -7.73078
2452 -7.73473
2453 -7.73868
2454 -7.74263
2455 -7.74658
2456 -7.75053
2457 -7.75447
2458 -7.75842
2459 -7.76237
2460 -7.76632
2461 -7.77027
2462 -7.77422
2463 -7.77816
2464 -7.78211
2465 -7.78606
2466 -7.79001
2467 -7.79395
2468 -7.7979
2469 -7.80185
2470 -7.80579
2471 -7.80974
2472 -7.81369
2473 -7.81763
2474 -7.82158
2475 -7.82553
2476 -7.82947
2477 -7.83342
2478 -7.83736
2479 -7.84131
2480 -7.84525
2481 -7.8492
2482 -7.85314
2483 -7.85709
2484 -7.86103
2485 -7.86498
2486 -7.86892
2487 -7.87286
2488 -7.87681
2489 -7.88075
2490 -7.8847
2491 -7.88864
2492 -7.89258
2493 -7.89653
2494 -7.90047
2495 -7.90441
2496 -7.90835
2497 -7.9123
2498 -7.91624
2499 -7.92018
2500 -7.92412
2501 -7.92806
2502 -7.932
2503 -7.93595
2504 -7.93989
2505 -7.94383
2506 -7.94777
2507 -7.95171
2508 -7.95565
2509 -7.95959
2510 -7.96353
2511 -7.96747
2512 -7.97141
2513 -7.97535
2514 -7.97929
2515 -7.98323
2516 -7.98716
2517 -7.9911
2518 -7.99504
2519 -7.99898
2520 -8.00292
2521 -8.00686
2522 -8.01079
2523 -8.01473
2524 -8.01867
2525 -8.0226
2526 -8.02654
2527 -8.03048
2528 -8.03441
2529 -8.03835
2530 -8.04229
2531 -8.04622
2532 -8.05016
2533 -8.05409
2534 -8.05803
2535 -8.06196
2536 -8.0659
2537 -8.06983
2538 -8.07377
2539 -8.0777
2540 -8.08163
2541 -8.08557
2542 -8.0895
2543 -8.09344
2544 -8.09737
2545 -8.1013
2546 -8.10523
2547 -8.10917
2548 -8.1131
2549 -8.11703
2550 -8.12096
2551 -8.12489
2552 -8.12882
2553 -8.13276
2554 -8.13669
2555 -8.14062
2556 -8.14455
2557 -8.14848
2558 -8.15241
2559 -8.15634
2560 -8.16027
2561 -8.1642
2562 -8.16812
2563 -8.17205
2564 -8.17598
2565 -8.17991
2566 -8.18384
2567 -8.18777
2568 -8.19169
2569 -8.19562
2570 -8.19955
2571 -8.20347
2572 -8.2074
2573 -8.21133
2574 -8.21525
2575 -8.21918
2576 -8.2231
2577 -8.22703
2578 -8.23096
2579 -8.23488
2580 -8.2388
2581 -8.24273
2582 -8.24665
2583 -8.25058
2584 -8.2545
2585 -8.25842
2586 -8.26235
2587 -8.26627
2588 -8.27019
2589 -8.27411
2590 -8.27804
2591 -8.28196
2592 -8.28588
2593 -8.2898
2594 -8.29372
2595 -8.29764
2596 -8.30156
2597 -8.30548
2598 -8.3094
2599 -8.31332
2600 -8.31724
2601 -8.32116
2602 -8.32508
2603 -8.329
2604 -8.33292
2605 -8.33684
2606 -8.34076
2607 -8.34467
2608 -8.34859
2609 -8.35251
2610 -8.35642
2611 -8.36034
2612 -8.36426
2613 -8.36817
2614 -8.37209
2615 -8.376
2616 -8.37992
2617 -8.38383
2618 -8.38775
2619 -8.39166
2620 -8.39558
2621 -8.39949
2622 -8.4034
2623 -8.40732
2624 -8.41123
2625 -8.41514
2626 -8.41906
2627 -8.42297
2628 -8.42688
2629 -8.43079
2630 -8.4347
2631 -8.43861
2632 -8.44252
2633 -8.44643
2634 -8.45034
2635 -8.45425
2636 -8.45816
2637 -8.46207
2638 -8.46598
2639 -8.46989
2640 -8.4738
2641 -8.47771
2642 -8.48161
2643 -8.48552
2644 -8.48943
2645 -8.49334
2646 -8.49724
2647 -8.50115
2648 -8.50505
2649 -8.50896
2650 -8.51287
2651 -8.51677
2652 -8.52068
2653 -8.52458
2654 -8.52848
2655 -8.53239
2656 -8.53629
2657 -8.54019
2658 -8.5441
2659 -8.548
2660 -8.5519
2661 -8.5558
2662 -8.55971
2663 -8.56361
2664 -8.56751
2665 -8.57141
2666 -8.57531
2667 -8.57921
2668 -8.58311
2669 -8.58701
2670 -8.59091
2671 -8.59481
2672 -8.59871
2673 -8.6026
2674 -8.6065
2675 -8.6104
2676 -8.6143
2677 -8.61819
2678 -8.62209
2679 -8.62599
2680 -8.62988
2681 -8.63378
2682 -8.63767
2683 -8.64157
2684 -8.64546
2685 -8.64936
2686 -8.65325
2687 -8.65715
2688 -8.66104
2689 -8.66493
2690 -8.66882
2691 -8.67272
2692 -8.67661
2693 -8.6805
2694 -8.68439
2695 -8.68828
2696 -8.69217
2697 -8.69606
2698 -8.69995
2699 -8.70384
2700 -8.70773
2701 -8.71162
2702 -8.71551
2703 -8.7194
2704 -8.72329
2705 -8.72717
2706 -8.73106
2707 -8.73495
2708 -8.73884
2709 -8.74272
2710 -8.74661
2711 -8.75049
2712 -8.75438
2713 -8.75826
2714 -8.76215
2715 -8.76603
2716 -8.76992
2717 -8.7738
2718 -8.77768
2719 -8.78157
2720 -8.78545
2721 -8.78933
2722 -8.79321
2723 -8.79709
2724 -8.80098
2725 -8.80486
2726 -8.80874
2727 -8.81262
2728 -8.8165
2729 -8.82038
2730 -8.82425
2731 -8.82813
2732 -8.83201
2733 -8.83589
2734 -8.83977
2735 -8.84364
2736 -8.84752
2737 -8.8514
2738 -8.85527
2739 -8.85915
2740 -8.86302
2741 -8.8669
2742 -8.87077
2743 -8.87465
2744 -8.87852
2745 -8.8824
2746 -8.88627
2747 -8.89014
2748 -8.89401
2749 -8.89789
2750 -8.90176
2751 -8.90563
2752 -8.9095
2753 -8.91337
2754 -8.91724
2755 -8.92111
2756 -8.92498
2757 -8.92885
2758 -8.93272
2759 -8.93659
2760 -8.94046
2761 -8.94432
2762 -8.94819
2763 -8.95206
2764 -8.95592
2765 -8.95979
2766 -8.96366
2767 -8.96752
2768 -8.97139
2769 -8.97525
2770 -8.97912
2771 -8.98298
2772 -8.98684
2773 -8.99071
2774 -8.99457
2775 -8.99843
2776 -9.00229
2777 -9.00616
2778 -9.01002
2779 -9.01388
2780 -9.01774
2781 -9.0216
2782 -9.02546
2783 -9.02932
2784 -9.03318
2785 -9.03703
2786 -9.04089
2787 -9.04475
2788 -9.04861
2789 -9.05247
2790 -9.05632
2791 -9.06018
2792 -9.06403
2793 -9.06789
2794 -9.07174
2795 -9.0756
2796 -9.07945
2797 -9.08331
2798 -9.08716
2799 -9.09101
2800 -9.09487
2801 -9.09872
2802 -9.10257
2803 -9.10642
2804 -9.11027
2805 -9.11413
2806 -9.11798
2807 -9.12183
2808 -9.12568
2809 -9.12952
2810 -9.13337
2811 -9.13722
2812 -9.14107
2813 -9.14492
2814 -9.14877
2815 -9.15261
2816 -9.15646
2817 -9.1603
2818 -9.16415
2819 -9.168
2820 -9.17184
2821 -9.17569
2822 -9.17953
2823 -9.18337
2824 -9.18722
2825 -9.19106
2826 -9.1949
2827 -9.19874
2828 -9.20259
2829 -9.20643
2830 -9.21027
2831 -9.21411
2832 -9.21795
2833 -9.22179
2834 -9.22563
2835 -9.22947
2836 -9.2333
2837 -9.23714
2838 -9.24098
2839 -9.24482
2840 -9.24865
2841 -9.25249
2842 -9.25633
2843 -9.26016
2844 -9.264
2845 -9.26783
2846 -9.27167
2847 -9.2755
2848 -9.27934
2849 -9.28317
2850 -9.287
2851 -9.29083
2852 -9.29467
2853 -9.2985
2854 -9.30233
2855 -9.30616
2856 -9.30999
2857 -9.31382
2858 -9.31765
2859 -9.32148
2860 -9.32531
2861 -9.32914
2862 -9.33296
2863 -9.33679
2864 -9.34062
2865 -9.34445
2866 -9.34827
2867 -9.3521
2868 -9.35592
2869 -9.35975
2870 -9.36357
2871 -9.3674
2872 -9.37122
2873 -9.37504
2874 -9.37887
2875 -9.38269
2876 -9.38651
2877 -9.39033
2878 -9.39416
2879 -9.39798
2880 -9.4018
2881 -9.40562
2882 -9.40944
2883 -9.41326
2884 -9.41708
2885 -9.42089
2886 -9.42471
2887 -9.42853
2888 -9.43235
2889 -9.43616
2890 -9.43998
2891 -9.4438
2892 -9.44761
2893 -9.45143
2894 -9.45524
2895 -9.45906
2896 -9.46287
2897 -9.46668
2898 -9.4705
2899 -9.47431
2900 -9.47812
2901 -9.48193
2902 -9.48575
2903 -9.48956
2904 -9.49337
2905 -9.49718
2906 -9.50099
2907 -9.5048
2908 -9.50861
2909 -9.51242
2910 -9.51622
2911 -9.52003
2912 -9.52384
2913 -9.52765
2914 -9.53145
2915 -9.53526
2916 -9.53906
2917 -9.54287
2918 -9.54668
2919 -9.55048
2920 -9.55428
2921 -9.55809
2922 -9.56189
2923 -9.56569
2924 -9.5695
2925 -9.5733
2926 -9.5771
2927 -9.5809
2928 -9.5847
2929 -9.5885
2930 -9.5923
2931 -9.5961
2932 -9.5999
2933 -9.6037
2934 -9.6075
2935 -9.6113
2936 -9.61509
2937 -9.61889
2938 -9.62269
2939 -9.62649
2940 -9.63028
2941 -9.63408
2942 -9.63787
2943 -9.64167
2944 -9.64546
2945 -9.64925
2946 -9.65305
2947 -9.65684
2948 -9.66063
2949 -9.66443
2950 -9.66822
2951 -9.67201
2952 -9.6758
2953 -9.67959
2954 -9.68338
2955 -9.68717
2956 -9.69096
2957 -9.69475
2958 -9.69854
2959 -9.70233
2960 -9.70612
2961 -9.7099
2962 -9.71369
2963 -9.71748
2964 -9.72126
2965 -9.72505
2966 -9.72883
2967 -9.73262
2968 -9.7364
2969 -9.74019
2970 -9.74397
2971 -9.74776
2972 -9.75154
2973 -9.75532
2974 -9.7591
2975 -9.76289
2976 -9.76667
2977 -9.77045
2978 -9.77423
2979 -9.77801
2980 -9.78179
2981 -9.78557
2982 -9.78935
2983 -9.79313
2984 -9.7969
2985 -9.80068
2986 -9.80446
2987 -9.80824
2988 -9.81201
2989 -9.81579
2990 -9.81957
2991 -9.82334
2992 -9.82712
2993 -9.83089
2994 -9.83467
2995 -9.83844
2996 -9.84221
2997 -9.84599
2998 -9.84976
2999 -9.85353
3000 -9.8573
3001 -9.86108
3002 -9.86485
3003 -9.86862
3004 -9.87239
3005 -9.87616
3006 -9.87993
3007 -9.8837
3008 -9.88747
3009 -9.89124
3010 -9.895
3011 -9.89877
3012 -9.90254
3013 -9.90631
3014 -9.91007
3015 -9.91384
3016 -9.91761
3017 -9.92137
3018 -9.92514
3019 -9.9289
3020 -9.93267
3021 -9.93643
3022 -9.94019
3023 -9.94396
3024 -9.94772
3025 -9.95148
3026 -9.95524
3027 -9.95901
3028 -9.96277
3029 -9.96653
3030 -9.97029
3031 -9.97405
3032 -9.97781
3033 -9.98157
3034 -9.98533
3035 -9.98909
3036 -9.99285
3037 -9.9966
3038 -10.0004
3039 -10.0041
3040 -10.0079
3041 -10.0116
3042 -10.0154
3043 -10.0191
3044 -10.0229
3045 -10.0267
3046 -10.0304
3047 -10.0342
3048 -10.0379
3049 -10.0417
3050 -10.0454
3051 -10.0492
3052 -10.0529
3053 -10.0567
3054 -10.0604
3055 -10.0642
3056 -10.0679
3057 -10.0717
3058 -10.0754
3059 -10.0792
3060 -10.0829
3061 -10.0867
3062 -10.0904
3063 -10.0942
3064 -10.0979
3065 -10.1017
3066 -10.1054
3067 -10.1092
3068 -10.1129
3069 -10.1167
3070 -10.1204
3071 -10.1242
3072 -10.1279
3073 -10.1317
3074 -10.1354
3075 -10.1392
3076 -10.1429
3077 -10.1466
3078 -10.1504
3079 -10.1541
3080 -10.1579
3081 -10.1616
3082 -10.1654
3083 -10.1691
3084 -10.1728
3085 -10.1766
3086 -10.1803
3087 -10.1841
3088 -10.1878
3089 -10.1915
3090 -10.1953
3091 -10.199
3092 -10.2028
3093 -10.2065
3094 -10.2102
3095 -10.214
3096 -10.2177
3097 -10.2215
3098 -10.2252
3099 -10.2289
3100 -10.2327
3101 -10.2364
3102 -10.2401
3103 -10.2439
3104 -10.2476
3105 -10.2513
3106 -10.2551
3107 -10.2588
3108 -10.2625
3109 -10.2663
3110 -10.27
3111 -10.2737
3112 -10.2775
3113 -10.2812
3114 -10.2849
3115 -10.2887
3116 -10.2924
3117 -10.2961
3118 -10.2999
3119 -10.3036
3120 -10.3073
3121 -10.3111
3122 -10.3148
3123 -10.3185
3124 -10.3223
3125 -10.326
3126 -10.3297
3127 -10.3334
3128 -10.3372
3129 -10.3409
3130 -10.3446
3131 -10.3484
3132 -10.3521
3133 -10.3558
3134 -10.3595
3135 -10.3633
3136 -10.367
3137 -10.3707
3138 -10.3744
3139 -10.3782
3140 -10.3819
3141 -10.3856
3142 -10.3893
3143 -10.3931
3144 -10.3968
3145 -10.4005
3146 -10.4042
3147 -10.408
3148 -10.4117
3149 -10.4154
3150 -10.4191
3151 -10.4228
3152 -10.4266
3153 -10.4303
3154 -10.434
3155 -10.4377
3156 -10.4414
3157 -10.4452
3158 -10.4489
3159 -10.4526
3160 -10.4563
3161 -10.46
3162 -10.4638
3163 -10.4675
3164 -10.4712
3165 -10.4749
3166 -10.4786
3167 -10.4824
3168 -10.4861
3169 -10.4898
3170 -10.4935
3171 -10.4972
3172 -10.5009
3173 -10.5047
3174 -10.5084
3175 -10.5121
3176 -10.5158
3177 -10.5195
3178 -10.5232
3179 -10.527
3180 -10.5307
3181 -10.5344
3182 -10.5381
3183 -10.5418
3184 -10.5455
3185 -10.5492
3186 -10.553
3187 -10.5567
3188 -10.5604
3189 -10.5641
3190 -10.5678
3191 -10.5715
3192 -10.5752
3193 -10.5789
3194 -10.5827
3195 -10.5864
3196 -10.5901
3197 -10.5938
3198 -10.5975
3199 -10.6012
3200 -10.6049
3201 -10.6086
3202 -10.6123
3203 -10.616
3204 -10.6198
3205 -10.6235
3206 -10.6272
3207 -10.6309
3208 -10.6346
3209 -10.6383
3210 -10.642
3211 -10.6457
3212 -10.6494
3213 -10.6531
3214 -10.6568
3215 -10.6606
3216 -10.6643
3217 -10.668
3218 -10.6717
3219 -10.6754
3220 -10.6791
3221 -10.6828
3222 -10.6865
3223 -10.6902
3224 -10.6939
3225 -10.6976
3226 -10.7013
3227 -10.705
3228 -10.7087
3229 -10.7124
3230 -10.7161
3231 -10.7198
3232 -10.7236
3233 -10.7273
3234 -10.731
3235 -10.7347
3236 -10.7384
3237 -10.7421
3238 -10.7458
3239 -10.7495
3240 -10.7532
3241 -10.7569
3242 -10.7606
3243 -10.7643
3244 -10.768
3245 -10.7717
3246 -10.7754
3247 -10.7791
3248 -10.7828
3249 -10.7865
3250 -10.7902
3251 -10.7939
3252 -10.7976
3253 -10.8013
3254 -10.805
3255 -10.8087
3256 -10.8124
3257 -10.8161
3258 -10.8198
3259 -10.8235
3260 -10.8272
3261 -10.8309
3262 -10.8346
3263 -10.8383
3264 -10.842
3265 -10.8457
3266 -10.8494
3267 -10.8531
3268 -10.8568
3269 -10.8605
3270 -10.8642
3271 -10.8679
3272 -10.8716
3273 -10.8753
3274 -10.879
3275 -10.8827
3276 -10.8864
3277 -10.8901
3278 -10.8938
3279 -10.8975
3280 -10.9012
3281 -10.9049
3282 -10.9086
3283 -10.9123
3284 -10.916
3285 -10.9197
3286 -10.9234
3287 -10.9271
3288 -10.9308
3289 -10.9345
3290 -10.9382
3291 -10.9419
3292 -10.9456
3293 -10.9493
3294 -10.9529
3295 -10.9566
3296 -10.9603
3297 -10.964
3298 -10.9677
3299 -10.9714
3300 -10.9751
3301 -10.9788
3302 -10.9825
3303 -10.9862
3304 -10.9899
3305 -10.9936
3306 -10.9973
3307 -11.001
3308 -11.0047
3309 -11.0084
3310 -11.0121
3311 -11.0158
3312 -11.0195
3313 -11.0232
3314 -11.0269
3315 -11.0305
3316 -11.0342
3317 -11.0379
3318 -11.0416
3319 -11.0453
3320 -11.049
3321 -11.0527
3322 -11.0564
3323 -11.0601
3324 -11.0638
3325 -11.0675
3326 -11.0712
3327 -11.0749
3328 -11.0786
3329 -11.0823
3330 -11.086
3331 -11.0897
3332 -11.0933
3333 -11.097
3334 -11.1007
3335 -11.1044
3336 -11.1081
3337 -11.1118
3338 -11.1155
3339 -11.1192
3340 -11.1229
3341 -11.1266
3342 -11.1303
3343 -11.134
3344 -11.1377
3345 -11.1414
3346 -11.145
3347 -11.1487
3348 -11.1524
3349 -11.1561
3350 -11.1598
3351 -11.1635
3352 -11.1672
3353 -11.1709
3354 -11.1746
3355 -11.1783
3356 -11.182
3357 -11.1857
3358 -11.1894
3359 -11.193
3360 -11.1967
3361 -11.2004
3362 -11.2041
3363 -11.2078
3364 -11.2115
3365 -11.2152
3366 -11.2189
3367 -11.2226
3368 -11.2263
3369 -11.23
3370 -11.2337
3371 -11.2374
3372 -11.241
3373 -11.2447
3374 -11.2484
3375 -11.2521
3376 -11.2558
3377 -11.2595
3378 -11.2632
3379 -11.2669
3380 -11.2706
3381 -11.2743
3382 -11.278
3383 -11.2817
3384 -11.2853
3385 -11.289
3386 -11.2927
3387 -11.2964
3388 -11.3001
3389 -11.3038
3390 -11.3075
3391 -11.3112
3392 -11.3149
3393 -11.3186
3394 -11.3223
3395 -11.3259
3396 -11.3296
3397 -11.3333
3398 -11.337
3399 -11.3407
3400 -11.3444
3401 -11.3481
3402 -11.3518
3403 -11.3555
3404 -11.3592
3405 -11.3629
3406 -11.3666
3407 -11.3702
3408 -11.3739
3409 -11.3776
3410 -11.3813
3411 -11.385
3412 -11.3887
3413 -11.3924
3414 -11.3961
3415 -11.3998
3416 -11.4035
3417 -11.4072
3418 -11.4109
3419 -11.4145
3420 -11.4182
3421 -11.4219
3422 -11.4256
3423 -11.4293
3424 -11.433
3425 -11.4367
3426 -11.4404
3427 -11.4441
3428 -11.4478
3429 -11.4515
3430 -11.4552
3431 -11.4588
3432 -11.4625
3433 -11.4662
3434 -11.4699
3435 -11.4736
3436 -11.4773
3437 -11.481
3438 -11.4847
3439 -11.4884
3440 -11.4921
3441 -11.4958
3442 -11.4995
3443 -11.5031
3444 -11.5068
3445 -11.5105
3446 -11.5142
3447 -11.5179
3448 -11.5216
3449 -11.5253
3450 -11.529
3451 -11.5327
3452 -11.5364
3453 -11.5401
3454 -11.5438
3455 -11.5475
3456 -11.5511
3457 -11.5548
3458 -11.5585
3459 -11.5622
3460 -11.5659
3461 -11.5696
3462 -11.5733
3463 -11.577
3464 -11.5807
3465 -11.5844
3466 -11.5881
3467 -11.5918
3468 -11.5955
3469 -11.5991
3470 -11.6028
3471 -11.6065
3472 -11.6102
3473 -11.6139
3474 -11.6176
3475 -11.6213
3476 -11.625
3477 -11.6287
3478 -11.6324
3479 -11.6361
3480 -11.6398
3481 -11.6435
3482 -11.6472
3483 -11.6508
3484 -11.6545
3485 -11.6582
3486 -11.6619
3487 -11.6656
3488 -11.6693
3489 -11.673
3490 -11.6767
3491 -11.6804
3492 -11.6841
3493 -11.6878
3494 -11.6915
3495 -11.6952
3496 -11.6989
3497 -11.7026
3498 -11.7062
3499 -11.7099
3500 -11.7136
3501 -11.7173
3502 -11.721
3503 -11.7247
3504 -11.7284
3505 -11.7321
3506 -11.7358
3507 -11.7395
3508 -11.7432
3509 -11.7469
3510 -11.7506
3511 -11.7543
3512 -11.758
3513 -11.7617
3514 -11.7653
3515 -11.769
3516 -11.7727
3517 -11.7764
3518 -11.7801
3519 -11.7838
3520 -11.7875
3521 -11.7912
3522 -11.7949
3523 -11.7986
3524 -11.8023
3525 -11.806
3526 -11.8097
3527 -11.8134
3528 -11.8171
3529 -11.8208
3530 -11.8245
3531 -11.8281
3532 -11.8318
3533 -11.8355
3534 -11.8392
3535 -11.8429
3536 -11.8466
3537 -11.8503
3538 -11.854
3539 -11.8577
3540 -11.8614
3541 -11.8651
3542 -11.8688
3543 -11.8725
3544 -11.8762
3545 -11.8799
3546 -11.8836
3547 -11.8873
3548 -11.891
3549 -11.8946
3550 -11.8983
3551 -11.902
3552 -11.9057
3553 -11.9094
3554 -11.9131
3555 -11.9168
3556 -11.9205
3557 -11.9242
3558 -11.9279
3559 -11.9316
3560 -11.9353
3561 -11.939
3562 -11.9427
3563 -11.9464
3564 -11.9501
3565 -11.9538
3566 -11.9575
3567 -11.9612
3568 -11.9648
3569 -11.9685
3570 -11.9722
3571 -11.9759
3572 -11.9796
3573 -11.9833
3574 -11.987
3575 -11.9907
3576 -11.9944
3577 -11.9981
3578 -12.0018
3579 -12.0055
3580 -12.0092
3581 -12.0129
3582 -12.0166
3583 -12.0203
3584 -12.024
3585 -12.0277
3586 -12.0314
3587 -12.035
3588 -12.0387
3589 -12.0424
3590 -12.0461
3591 -12.0498
3592 -12.0535
3593 -12.0572
3594 -12.0609
3595 -12.0646
3596 -12.0683
3597 -12.072
3598 -12.0757
3599 -12.0794
3600 -12.0831
3601 -12.0868
3602 -12.0905
3603 -12.0942
3604 -12.0979
3605 -12.1015
3606 -12.1052
3607 -12.1089
3608 -12.1126
3609 -12.1163
3610 -12.12
3611 -12.1237
3612 -12.1274
3613 -12.1311
3614 -12.1348
3615 -12.1385
3616 -12.1422
3617 -12.1459
3618 -12.1496
3619 -12.1533
3620 -12.157
3621 -12.1607
3622 -12.1643
3623 -12.168
3624 -12.1717
3625 -12.1754
3626 -12.1791
3627 -12.1828
3628 -12.1865
3629 -12.1902
3630 -12.1939
3631 -12.1976
3632 -12.2013
3633 -12.205
3634 -12.2087
3635 -12.2124
3636 -12.216
3637 -12.2197
3638 -12.2234
3639 -12.2271
3640 -12.2308
3641 -12.2345
3642 -12.2382
3643 -12.2419
3644 -12.2456
3645 -12.2493
3646 -12.253
3647 -12.2567
3648 -12.2604
3649 -12.264
3650 -12.2677
3651 -12.2714
3652 -12.2751
3653 -12.2788
3654 -12.2825
3655 -12.2862
3656 -12.2899
3657 -12.2936
3658 -12.2973
3659 -12.301
3660 -12.3047
3661 -12.3083
3662 -12.312
3663 -12.3157
3664 -12.3194
3665 -12.3231
3666 -12.3268
3667 -12.3305
3668 -12.3342
3669 -12.3379
3670 -12.3416
3671 -12.3452
3672 -12.3489
3673 -12.3526
3674 -12.3563
3675 -12.36
3676 -12.3637
3677 -12.3674
3678 -12.3711
3679 -12.3748
3680 -12.3784
3681 -12.3821
3682 -12.3858
3683 -12.3895
3684 -12.3932
3685 -12.3969
3686 -12.4006
3687 -12.4043
3688 -12.4079
3689 -12.4116
3690 -12.4153
3691 -12.419
3692 -12.4227
3693 -12.4264
3694 -12.4301
3695 -12.4337
3696 -12.4374
3697 -12.4411
3698 -12.4448
3699 -12.4485
3700 -12.4522
3701 -12.4559
3702 -12.4595
3703 -12.4632
3704 -12.4669
3705 -12.4706
3706 -12.4743
3707 -12.478
3708 -12.4816
3709 -12.4853
3710 -12.489
3711 -12.4927
3712 -12.4964
3713 -12.5001
3714 -12.5037
3715 -12.5074
3716 -12.5111
3717 -12.5148
3718 -12.5185
3719 -12.5222
3720 -12.5258
3721 -12.5295
3722 -12.5332
3723 -12.5369
3724 -12.5406
3725 -12.5442
3726 -12.5479
3727 -12.5516
3728 -12.5553
3729 -12.559
3730 -12.5626
3731 -12.5663
3732 -12.57
3733 -12.5737
3734 -12.5774
3735 -12.581
3736 -12.5847
3737 -12.5884
3738 -12.5921
3739 -12.5957
3740 -12.5994
3741 -12.6031
3742 -12.6068
3743 -12.6104
3744 -12.6141
3745 -12.6178
3746 -12.6215
3747 -12.6251
3748 -12.6288
3749 -12.6325
3750 -12.6362
3751 -12.6398
3752 -12.6435
3753 -12.6472
3754 -12.6509
3755 -12.6545
3756 -12.6582
3757 -12.6619
3758 -12.6655
3759 -12.6692
3760 -12.6729
3761 -12.6766
3762 -12.6802
3763 -12.6839
3764 -12.6876
3765 -12.6912
3766 -12.6949
3767 -12.6986
3768 -12.7022
3769 -12.7059
3770 -12.7096
3771 -12.7132
3772 -12.7169
3773 -12.7206
3774 -12.7242
3775 -12.7279
3776 -12.7316
3777 -12.7352
3778 -12.7389
3779 -12.7426
3780 -12.7462
3781 -12.7499
3782 -12.7536
3783 -12.7572
3784 -12.7609
3785 -12.7646
3786 -12.7682
3787 -12.7719
3788 -12.7755
3789 -12.7792
3790 -12.7829
3791 -12.7865
3792 -12.7902
3793 -12.7938
3794 -12.7975
3795 -12.8012
3796 -12.8048
3797 -12.8085
3798 -12.8121
3799 -12.8158
3800 -12.8194
3801 -12.8231
3802 -12.8268
3803 -12.8304
3804 -12.8341
3805 -12.8377
3806 -12.8414
3807 -12.845
3808 -12.8487
3809 -12.8523
3810 -12.856
3811 -12.8596
3812 -12.8633
3813 -12.8669
3814 -12.8706
3815 -12.8742
3816 -12.8779
3817 -12.8815
3818 -12.8852
3819 -12.8888
3820 -12.8925
3821 -12.8961
3822 -12.8998
3823 -12.9034
3824 -12.9071
3825 -12.9107
3826 -12.9144
3827 -12.918
3828 -12.9217
3829 -12.9253
3830 -12.9289
3831 -12.9326
3832 -12.9362
3833 -12.9399
3834 -12.9435
3835 -12.9472
3836 -12.9508
3837 -12.9544
3838 -12.9581
3839 -12.9617
3840 -12.9654
3841 -12.969
3842 -12.9726
3843 -12.9763
3844 -12.9799
3845 -12.9835
3846 -12.9872
3847 -12.9908
3848 -12.9944
3849 -12.9981
3850 -13.0017
3851 -13.0053
3852 -13.009
3853 -13.0126
3854 -13.0162
3855 -13.0199
3856 -13.0235
3857 -13.0271
3858 -13.0308
3859 -13.0344
3860 -13.038
3861 -13.0416
3862 -13.0453
3863 -13.0489
3864 -13.0525
3865 -13.0561
3866 -13.0598
3867 -13.0634
3868 -13.067
3869 -13.0706
3870 -13.0743
3871 -13.0779
3872 -13.0815
3873 -13.0851
3874 -13.0887
3875 -13.0924
3876 -13.096
3877 -13.0996
3878 -13.1032
3879 -13.1068
3880 -13.1104
3881 -13.1141
3882 -13.1177
3883 -13.1213
3884 -13.1249
3885 -13.1285
3886 -13.1321
3887 -13.1357
3888 -13.1394
3889 -13.143
3890 -13.1466
3891 -13.1502
3892 -13.1538
3893 -13.1574
3894 -13.161
3895 -13.1646
3896 -13.1682
3897 -13.1718
3898 -13.1754
3899 -13.179
3900 -13.1826
3901 -13.1862
3902 -13.1898
3903 -13.1934
3904 -13.197
3905 -13.2006
3906 -13.2042
3907 -13.2078
3908 -13.2114
3909 -13.215
3910 -13.2186
3911 -13.2222
3912 -13.2258
3913 -13.2294
3914 -13.233
3915 -13.2366
3916 -13.2402
3917 -13.2438
3918 -13.2474
3919 -13.251
3920 -13.2546
3921 -13.2581
3922 -13.2617
3923 -13.2653
3924 -13.2689
3925 -13.2725
3926 -13.2761
3927 -13.2797
3928 -13.2832
3929 -13.2868
3930 -13.2904
3931 -13.294
3932 -13.2976
3933 -13.3011
3934 -13.3047
3935 -13.3083
3936 -13.3119
3937 -13.3155
3938 -13.319
3939 -13.3226
3940 -13.3262
3941 -13.3298
3942 -13.3333
3943 -13.3369
3944 -13.3405
3945 -13.344
3946 -13.3476
3947 -13.3512
3948 -13.3548
3949 -13.3583
3950 -13.3619
3951 -13.3655
3952 -13.369
3953 -13.3726
3954 -13.3761
3955 -13.3797
3956 -13.3833
3957 -13.3868
3958 -13.3904
3959 -13.394
3960 -13.3975
3961 -13.4011
3962 -13.4046
3963 -13.4082
3964 -13.4117
3965 -13.4153
3966 -13.4188
3967 -13.4224
3968 -13.426
3969 -13.4295
3970 -13.4331
3971 -13.4366
3972 -13.4402
3973 -13.4437
3974 -13.4472
3975 -13.4508
3976 -13.4543
3977 -13.4579
3978 -13.4614
3979 -13.465
3980 -13.4685
3981 -13.4721
3982 -13.4756
3983 -13.4791
3984 -13.4827
3985 -13.4862
3986 -13.4898
3987 -13.4933
3988 -13.4968
3989 -13.5004
3990 -13.5039
3991 -13.5074
3992 -13.511
3993 -13.5145
3994 -13.518
3995 -13.5215
3996 -13.5251
3997 -13.5286
3998 -13.5321
3999 -13.5357
4000 -13.5392
4001 -13.5427
4002 -13.5462
4003 -13.5497
4004 -13.5533
4005 -13.5568
4006 -13.5603
4007 -13.5638
4008 -13.5673
4009 -13.5709
4010 -13.5744
4011 -13.5779
4012 -13.5814
4013 -13.5849
4014 -13.5884
4015 -13.5919
4016 -13.5955
4017 -13.599
4018 -13.6025
4019 -13.606
4020 -13.6095
4021 -13.613
4022 -13.6165
4023 -13.62
4024 -13.6235
4025 -13.627
4026 -13.6305
4027 -13.634
4028 -13.6375
4029 -13.641
4030 -13.6445
4031 -13.648
4032 -13.6515
4033 -13.655
4034 -13.6585
4035 -13.662
4036 -13.6655
4037 -13.669
4038 -13.6724
4039 -13.6759
4040 -13.6794
4041 -13.6829
4042 -13.6864
4043 -13.6899
4044 -13.6934
4045 -13.6969
4046 -13.7003
4047 -13.7038
4048 -13.7073
4049 -13.7108
4050 -13.7143
4051 -13.7177
4052 -13.7212
4053 -13.7247
4054 -13.7282
4055 -13.7316
4056 -13.7351
4057 -13.7386
4058 -13.7421
4059 -13.7455
4060 -13.749
4061 -13.7525
4062 -13.7559
4063 -13.7594
4064 -13.7629
4065 -13.7663
4066 -13.7698
4067 -13.7732
4068 -13.7767
4069 -13.7802
4070 -13.7836
4071 -13.7871
4072 -13.7905
4073 -13.794
4074 -13.7975
4075 -13.8009
4076 -13.8044
4077 -13.8078
4078 -13.8113
4079 -13.8147
4080 -13.8182
4081 -13.8216
4082 -13.8251
4083 -13.8285
4084 -13.832
4085 -13.8354
4086 -13.8388
4087 -13.8423
4088 -13.8457
4089 -13.8492
4090 -13.8526
4091 -13.856
4092 -13.8595
4093 -13.8629
4094 -13.8664
4095 -13.8698
4096 -13.8732
4097 -13.8767
4098 -13.8801
4099 -13.8835
4100 -13.887
4101 -13.8904
4102 -13.8938
4103 -13.8972
4104 -13.9007
4105 -13.9041
4106 -13.9075
4107 -13.9109
4108 -13.9144
4109 -13.9178
4110 -13.9212
4111 -13.9246
4112 -13.928
4113 -13.9315
4114 -13.9349
4115 -13.9383
4116 -13.9417
4117 -13.9451
4118 -13.9485
4119 -13.9519
4120 -13.9553
4121 -13.9588
4122 -13.9622
4123 -13.9656
4124 -13.969
4125 -13.9724
4126 -13.9758
4127 -13.9792
4128 -13.9826
4129 -13.986
4130 -13.9894
4131 -13.9928
4132 -13.9962
4133 -13.9996
4134 -14.003
4135 -14.0064
4136 -14.0098
4137 -14.0132
4138 -14.0166
4139 -14.02
4140 -14.0233
4141 -14.0267
4142 -14.0301
4143 -14.0335
4144 -14.0369
4145 -14.0403
4146 -14.0437
4147 -14.0471
4148 -14.0504
4149 -14.0538
4150 -14.0572
4151 -14.0606
4152 -14.064
4153 -14.0673
4154 -14.0707
4155 -14.0741
4156 -14.0775
4157 -14.0808
4158 -14.0842
4159 -14.0876
4160 -14.091
4161 -14.0943
4162 -14.0977
4163 -14.1011
4164 -14.1044
4165 -14.1078
4166 -14.1112
4167 -14.1145
4168 -14.1179
4169 -14.1213
4170 -14.1246
4171 -14.128
4172 -14.1313
4173 -14.1347
4174 -14.1381
4175 -14.1414
4176 -14.1448
4177 -14.1481
4178 -14.1515
4179 -14.1548
4180 -14.1582
4181 -14.1615
4182 -14.1649
4183 -14.1682
4184 -14.1716
4185 -14.1749
4186 -14.1783
4187 -14.1816
4188 -14.185
4189 -14.1883
4190 -14.1917
4191 -14.195
4192 -14.1983
4193 -14.2017
4194 -14.205
4195 -14.2084
4196 -14.2117
4197 -14.215
4198 -14.2184
4199 -14.2217
4200 -14.225
4201 -14.2284
4202 -14.2317
4203 -14.235
4204 -14.2384
4205 -14.2417
4206 -14.245
4207 -14.2483
4208 -14.2517
4209 -14.255
4210 -14.2583
4211 -14.2616
4212 -14.265
4213 -14.2683
4214 -14.2716
4215 -14.2749
4216 -14.2783
4217 -14.2816
4218 -14.2849
4219 -14.2882
4220 -14.2915
4221 -14.2948
4222 -14.2982
4223 -14.3015
4224 -14.3048
4225 -14.3081
4226 -14.3114
4227 -14.3147
4228 -14.318
4229 -14.3213
4230 -14.3246
4231 -14.3279
4232 -14.3312
4233 -14.3346
4234 -14.3379
4235 -14.3412
4236 -14.3445
4237 -14.3478
4238 -14.3511
4239 -14.3544
4240 -14.3577
4241 -14.361
4242 -14.3643
4243 -14.3676
4244 -14.3708
4245 -14.3741
4246 -14.3774
4247 -14.3807
4248 -14.384
4249 -14.3873
4250 -14.3906
4251 -14.3939
4252 -14.3972
4253 -14.4005
4254 -14.4038
4255 -14.407
4256 -14.4103
4257 -14.4136
4258 -14.4169
4259 -14.4202
4260 -14.4235
4261 -14.4267
4262 -14.43
4263 -14.4333
4264 -14.4366
4265 -14.4399
4266 -14.4431
4267 -14.4464
4268 -14.4497
4269 -14.453
4270 -14.4562
4271 -14.4595
4272 -14.4628
4273 -14.4661
4274 -14.4693
4275 -14.4726
4276 -14.4759
4277 -14.4791
4278 -14.4824
4279 -14.4857
4280 -14.489
4281 -14.4922
4282 -14.4955
4283 -14.4987
4284 -14.502
4285 -14.5053
4286 -14.5085
4287 -14.5118
4288 -14.5151
4289 -14.5183
4290 -14.5216
4291 -14.5248
4292 -14.5281
4293 -14.5314
4294 -14.5346
4295 -14.5379
4296 -14.5411
4297 -14.5444
4298 -14.5476
4299 -14.5509
4300 -14.5541
4301 -14.5574
4302 -14.5606
4303 -14.5639
4304 -14.5671
4305 -14.5704
4306 -14.5736
4307 -14.5769
4308 -14.5801
4309 -14.5834
4310 -14.5866
4311 -14.5899
4312 -14.5931
4313 -14.5964
4314 -14.5996
4315 -14.6029
4316 -14.6061
4317 -14.6093
4318 -14.6126
4319 -14.6158
4320 -14.6191
4321 -14.6223
4322 -14.6255
4323 -14.6288
4324 -14.632
4325 -14.6353
4326 -14.6385
4327 -14.6417
4328 -14.645
4329 -14.6482
4330 -14.6514
4331 -14.6547
4332 -14.6579
4333 -14.6611
4334 -14.6644
4335 -14.6676
4336 -14.6708
4337 -14.6741
4338 -14.6773
4339 -14.6805
4340 -14.6837
4341 -14.687
4342 -14.6902
4343 -14.6934
4344 -14.6966
4345 -14.6999
4346 -14.7031
4347 -14.7063
4348 -14.7095
4349 -14.7128
4350 -14.716
4351 -14.7192
4352 -14.7224
4353 -14.7257
4354 -14.7289
4355 -14.7321
4356 -14.7353
4357 -14.7385
4358 -14.7417
4359 -14.745
4360 -14.7482
4361 -14.7514
4362 -14.7546
4363 -14.7578
4364 -14.761
4365 -14.7643
4366 -14.7675
4367 -14.7707
4368 -14.7739
4369 -14.7771
4370 -14.7803
4371 -14.7835
4372 -14.7868
4373 -14.79
4374 -14.7932
4375 -14.7964
4376 -14.7996
4377 -14.8028
4378 -14.806
4379 -14.8092
4380 -14.8124
4381 -14.8156
4382 -14.8188
4383 -14.8221
4384 -14.8253
4385 -14.8285
4386 -14.8317
4387 -14.8349
4388 -14.8381
4389 -14.8413
4390 -14.8445
4391 -14.8477
4392 -14.8509
4393 -14.8541
4394 -14.8573
4395 -14.8605
4396 -14.8637
4397 -14.8669
4398 -14.8701
4399 -14.8733
4400 -14.8765
4401 -14.8797
4402 -14.8829
4403 -14.8861
4404 -14.8893
4405 -14.8925
4406 -14.8957
4407 -14.8989
4408 -14.9021
4409 -14.9053
4410 -14.9085
4411 -14.9117
4412 -14.9149
4413 -14.9181
4414 -14.9213
4415 -14.9245
4416 -14.9277
4417 -14.9309
4418 -14.934
4419 -14.9372
4420 -14.9404
4421 -14.9436
4422 -14.9468
4423 -14.95
4424 -14.9532
4425 -14.9564
4426 -14.9596
4427 -14.9628
4428 -14.966
4429 -14.9692
4430 -14.9724
4431 -14.9755
4432 -14.9787
4433 -14.9819
4434 -14.9851
4435 -14.9883
4436 -14.9915
4437 -14.9947
4438 -14.9979
4439 -15.0011
4440 -15.0042
4441 -15.0074
4442 -15.0106
4443 -15.0138
4444 -15.017
4445 -15.0202
4446 -15.0234
4447 -15.0266
4448 -15.0297
4449 -15.0329
4450 -15.0361
4451 -15.0393
4452 -15.0425
4453 -15.0457
4454 -15.0489
4455 -15.052
4456 -15.0552
4457 -15.0584
4458 -15.0616
4459 -15.0648
4460 -15.068
4461 -15.0712
4462 -15.0743
4463 -15.0775
4464 -15.0807
4465 -15.0839
4466 -15.0871
4467 -15.0903
4468 -15.0934
4469 -15.0966
4470 -15.0998
4471 -15.103
4472 -15.1062
4473 -15.1094
4474 -15.1125
4475 -15.1157
4476 -15.1189
4477 -15.1221
4478 -15.1253
4479 -15.1284
4480 -15.1316
4481 -15.1348
4482 -15.138
4483 -15.1412
4484 -15.1444
4485 -15.1475
4486 -15.1507
4487 -15.1539
4488 -15.1571
4489 -15.1603
4490 -15.1634
4491 -15.1666
4492 -15.1698
4493 -15.173
4494 -15.1762
4495 -15.1793
4496 -15.1825
4497 -15.1857
4498 -15.1889
4499 -15.1921
4500 -15.1952
4501 -15.1984
4502 -15.2016
4503 -15.2048
4504 -15.208
4505 -15.2111
4506 -15.2143
4507 -15.2175
4508 -15.2207
4509 -15.2239
4510 -15.227
4511 -15.2302
4512 -15.2334
4513 -15.2366
4514 -15.2398
4515 -15.2429
4516 -15.2461
4517 -15.2493
4518 -15.2525
4519 -15.2557
4520 -15.2588
4521 -15.262
4522 -15.2652
4523 -15.2684
4524 -15.2716
4525 -15.2748
4526 -15.2779
4527 -15.2811
4528 -15.2843
4529 -15.2875
4530 -15.2907
4531 -15.2938
4532 -15.297
4533 -15.3002
4534 -15.3034
4535 -15.3066
4536 -15.3097
4537 -15.3129
4538 -15.3161
4539 -15.3193
4540 -15.3225
4541 -15.3256
4542 -15.3288
4543 -15.332
4544 -15.3352
4545 -15.3384
4546 -15.3416
4547 -15.3447
4548 -15.3479
4549 -15.3511
4550 -15.3543
4551 -15.3575
4552 -15.3607
4553 -15.3638
4554 -15.367
4555 -15.3702
4556 -15.3734
4557 -15.3766
4558 -15.3798
4559 -15.3829
4560 -15.3861
4561 -15.3893
4562 -15.3925
4563 -15.3957
4564 -15.3989
4565 -15.402
4566 -15.4052
4567 -15.4084
4568 -15.4116
4569 -15.4148
4570 -15.418
4571 -15.4212
4572 -15.4243
4573 -15.4275
4574 -15.4307
4575 -15.4339
4576 -15.4371
4577 -15.4403
4578 -15.4435
4579 -15.4466
4580 -15.4498
4581 -15.453
4582 -15.4562
4583 -15.4594
4584 -15.4626
4585 -15.4658
4586 -15.469
4587 -15.4722
4588 -15.4753
4589 -15.4785
4590 -15.4817
4591 -15.4849
4592 -15.4881
4593 -15.4913
4594 -15.4945
4595 -15.4977
4596 -15.5009
4597 -15.5041
4598 -15.5073
4599 -15.5104
4600 -15.5136
4601 -15.5168
4602 -15.52
4603 -15.5232
4604 -15.5264
4605 -15.5296
4606 -15.5328
4607 -15.536
4608 -15.5392
4609 -15.5424
4610 -15.5456
4611 -15.5488
4612 -15.552
4613 -15.5552
4614 -15.5584
4615 -15.5616
4616 -15.5647
4617 -15.5679
4618 -15.5711
4619 -15.5743
4620 -15.5775
4621 -15.5807
4622 -15.5839
4623 -15.5871
4624 -15.5903
4625 -15.5935
4626 -15.5967
4627 -15.5999
4628 -15.6031
4629 -15.6063
4630 -15.6095
4631 -15.6127
4632 -15.6159
4633 -15.6191
4634 -15.6223
4635 -15.6255
4636 -15.6287
4637 -15.632
4638 -15.6352
4639 -15.6384
4640 -15.6416
4641 -15.6448
4642 -15.648
4643 -15.6512
4644 -15.6544
4645 -15.6576
4646 -15.6608
4647 -15.664
4648 -15.6672
4649 -15.6704
4650 -15.6736
4651 -15.6768
4652 -15.6801
4653 -15.6833
4654 -15.6865
4655 -15.6897
4656 -15.6929
4657 -15.6961
4658 -15.6993
4659 -15.7025
4660 -15.7057
4661 -15.7089
4662 -15.7122
4663 -15.7154
4664 -15.7186
4665 -15.7218
4666 -15.725
4667 -15.7282
4668 -15.7314
4669 -15.7347
4670 -15.7379
4671 -15.7411
4672 -15.7443
4673 -15.7475
4674 -15.7508
4675 -15.754
4676 -15.7572
4677 -15.7604
4678 -15.7636
4679 -15.7668
4680 -15.7701
4681 -15.7733
4682 -15.7765
4683 -15.7797
4684 -15.783
4685 -15.7862
4686 -15.7894
4687 -15.7926
4688 -15.7959
4689 -15.7991
4690 -15.8023
4691 -15.8055
4692 -15.8088
4693 -15.812
4694 -15.8152
4695 -15.8184
4696 -15.8217
4697 -15.8249
4698 -15.8281
4699 -15.8313
4700 -15.8346
4701 -15.8378
4702 -15.841
4703 -15.8443
4704 -15.8475
4705 -15.8507
4706 -15.854
4707 -15.8572
4708 -15.8604
4709 -15.8637
4710 -15.8669
4711 -15.8701
4712 -15.8734
4713 -15.8766
4714 -15.8799
4715 -15.8831
4716 -15.8863
4717 -15.8896
4718 -15.8928
4719 -15.896
4720 -15.8993
4721 -15.9025
4722 -15.9058
4723 -15.909
4724 -15.9122
4725 -15.9155
4726 -15.9187
4727 -15.922
4728 -15.9252
4729 -15.9285
4730 -15.9317
4731 -15.935
4732 -15.9382
4733 -15.9415
4734 -15.9447
4735 -15.9479
4736 -15.9512
4737 -15.9544
4738 -15.9577
4739 -15.9609
4740 -15.9642
4741 -15.9674
4742 -15.9707
4743 -15.974
4744 -15.9772
4745 -15.9805
4746 -15.9837
4747 -15.987
4748 -15.9902
4749 -15.9935
4750 -15.9967
4751 -16
4752 -16.0033
4753 -16.0065
4754 -16.0098
4755 -16.013
4756 -16.0163
4757 -16.0195
4758 -16.0228
4759 -16.0261
4760 -16.0293
4761 -16.0326
4762 -16.0359
4763 -16.0391
4764 -16.0424
4765 -16.0457
4766 -16.0489
4767 -16.0522
4768 -16.0554
4769 -16.0587
4770 -16.062
4771 -16.0653
4772 -16.0685
4773 -16.0718
4774 -16.0751
4775 -16.0783
4776 -16.0816
4777 -16.0849
4778 -16.0882
4779 -16.0914
4780 -16.0947
4781 -16.098
4782 -16.1012
4783 -16.1045
4784 -16.1078
4785 -16.1111
4786 -16.1144
4787 -16.1176
4788 -16.1209
4789 -16.1242
4790 -16.1275
4791 -16.1308
4792 -16.134
4793 -16.1373
4794 -16.1406
4795 -16.1439
4796 -16.1472
4797 -16.1505
4798 -16.1537
4799 -16.157
4800 -16.1603
4801 -16.1636
4802 -16.1669
4803 -16.1702
4804 -16.1735
4805 -16.1768
4806 -16.18
4807 -16.1833
4808 -16.1866
4809 -16.1899
4810 -16.1932
4811 -16.1965
4812 -16.1998
4813 -16.2031
4814 -16.2064
4815 -16.2097
4816 -16.213
4817 -16.2163
4818 -16.2196
4819 -16.2229
4820 -16.2262
4821 -16.2295
4822 -16.2328
4823 -16.2361
4824 -16.2394
4825 -16.2427
4826 -16.246
4827 -16.2493
4828 -16.2526
4829 -16.2559
4830 -16.2592
4831 -16.2625
4832 -16.2658
4833 -16.2691
4834 -16.2724
4835 -16.2758
4836 -16.2791
4837 -16.2824
4838 -16.2857
4839 -16.289
4840 -16.2923
4841 -16.2956
4842 -16.2989
4843 -16.3023
4844 -16.3056
4845 -16.3089
4846 -16.3122
4847 -16.3155
4848 -16.3188
4849 -16.3222
4850 -16.3255
4851 -16.3288
4852 -16.3321
4853 -16.3354
4854 -16.3388
4855 -16.3421
4856 -16.3454
4857 -16.3487
4858 -16.3521
4859 -16.3554
4860 -16.3587
4861 -16.362
4862 -16.3654
4863 -16.3687
4864 -16.372
4865 -16.3754
4866 -16.3787
4867 -16.382
4868 -16.3854
4869 -16.3887
4870 -16.392
4871 -16.3954
4872 -16.3987
4873 -16.402
4874 -16.4054
4875 -16.4087
4876 -16.412
4877 -16.4154
4878 -16.4187
4879 -16.4221
4880 -16.4254
4881 -16.4287
4882 -16.4321
4883 -16.4354
4884 -16.4388
4885 -16.4421
4886 -16.4455
4887 -16.4488
4888 -16.4521
4889 -16.4555
4890 -16.4588
4891 -16.4622
4892 -16.4655
4893 -16.4689
4894 -16.4722
4895 -16.4756
4896 -16.4789
4897 -16.4823
4898 -16.4857
4899 -16.489
4900 -16.4924
4901 -16.4957
4902 -16.4991
4903 -16.5024
4904 -16.5058
4905 -16.5091
4906 -16.5125
4907 -16.5159
4908 -16.5192
4909 -16.5226
4910 -16.526
4911 -16.5293
4912 -16.5327
4913 -16.536
4914 -16.5394
4915 -16.5428
4916 -16.5461
4917 -16.5495
4918 -16.5529
4919 -16.5562
4920 -16.5596
4921 -16.563
4922 -16.5664
4923 -16.5697
4924 -16.5731
4925 -16.5765
4926 -16.5799
4927 -16.5832
4928 -16.5866
4929 -16.59
4930 -16.5934
4931 -16.5967
4932 -16.6001
4933 -16.6035
4934 -16.6069
4935 -16.6103
4936 -16.6136
4937 -16.617
4938 -16.6204
4939 -16.6238
4940 -16.6272
4941 -16.6306
4942 -16.6339
4943 -16.6373
4944 -16.6407
4945 -16.6441
4946 -16.6475
4947 -16.6509
4948 -16.6543
4949 -16.6577
4950 -16.6611
4951 -16.6645
4952 -16.6678
4953 -16.6712
4954 -16.6746
4955 -16.678
4956 -16.6814
4957 -16.6848
4958 -16.6882
4959 -16.6916
4960 -16.695
4961 -16.6984
4962 -16.7018
4963 -16.7052
4964 -16.7086
4965 -16.712
4966 -16.7154
4967 -16.7188
4968 -16.7222
4969 -16.7257
4970 -16.7291
4971 -16.7325
4972 -16.7359
4973 -16.7393
4974 -16.7427
4975 -16.7461
4976 -16.7495
4977 -16.7529
4978 -16.7563
4979 -16.7598
4980 -16.7632
4981 -16.7666
4982 -16.77
4983 -16.7734
4984 -16.7768
4985 -16.7803
4986 -16.7837
4987 -16.7871
4988 -16.7905
4989 -16.7939
4990 -16.7974
4991 -16.8008
4992 -16.8042
4993 -16.8076
4994 -16.8111
4995 -16.8145
4996 -16.8179
4997 -16.8213
4998 -16.8248
4999 -16.8282
5000 -16.8316
5001 -16.8351
5002 -16.8385
5003 -16.8419
5004 -16.8454
5005 -16.8488
5006 -16.8522
5007 -16.8557
5008 -16.8591
5009 -16.8625
5010 -16.866
5011 -16.8694
5012 -16.8729
5013 -16.8763
5014 -16.8797
5015 -16.8832
5016 -16.8866
5017 -16.8901
5018 -16.8935
5019 -16.8969
5020 -16.9004
5021 -16.9038
5022 -16.9073
5023 -16.9107
5024 -16.9142
5025 -16.9176
5026 -16.9211
5027 -16.9245
5028 -16.928
5029 -16.9314
5030 -16.9349
5031 -16.9383
5032 -16.9418
5033 -16.9453
5034 -16.9487
5035 -16.9522
5036 -16.9556
5037 -16.9591
5038 -16.9625
5039 -16.966
5040 -16.9695
5041 -16.9729
5042 -16.9764
5043 -16.9798
5044 -16.9833
5045 -16.9868
5046 -16.9902
5047 -16.9937
5048 -16.9972
5049 -17.0006
5050 -17.0041
5051 -17.0076
5052 -17.011
5053 -17.0145
5054 -17.018
5055 -17.0215
5056 -17.0249
5057 -17.0284
5058 -17.0319
5059 -17.0354
5060 -17.0388
5061 -17.0423
5062 -17.0458
5063 -17.0493
5064 -17.0527
5065 -17.0562
5066 -17.0597
5067 -17.0632
5068 -17.0667
5069 -17.0702
5070 -17.0736
5071 -17.0771
5072 -17.0806
5073 -17.0841
5074 -17.0876
5075 -17.0911
5076 -17.0946
5077 -17.098
5078 -17.1015
5079 -17.105
5080 -17.1085
5081 -17.112
5082 -17.1155
5083 -17.119
5084 -17.1225
5085 -17.126
5086 -17.1295
5087 -17.133
5088 -17.1365
5089 -17.14
5090 -17.1435
5091 -17.147
5092 -17.1505
5093 -17.154
5094 -17.1575
5095 -17.161
5096 -17.1645
5097 -17.168
5098 -17.1715
5099 -17.175
5100 -17.1785
5101 -17.182
5102 -17.1855
5103 -17.189
5104 -17.1925
5105 -17.196
5106 -17.1996
5107 -17.2031
5108 -17.2066
5109 -17.2101
5110 -17.2136
5111 -17.2171
5112 -17.2206
5113 -17.2242
5114 -17.2277
5115 -17.2312
5116 -17.2347
5117 -17.2382
5118 -17.2417
5119 -17.2453
5120 -17.2488
5121 -17.2523
5122 -17.2558
5123 -17.2594
5124 -17.2629
5125 -17.2664
5126 -17.2699
5127 -17.2735
5128 -17.277
5129 -17.2805
5130 -17.284
5131 -17.2876
5132 -17.2911
5133 -17.2946
5134 -17.2982
5135 -17.3017
5136 -17.3052
5137 -17.3088
5138 -17.3123
5139 -17.3158
5140 -17.3194
5141 -17.3229
5142 -17.3265
5143 -17.33
5144 -17.3335
5145 -17.3371
5146 -17.3406
5147 -17.3442
5148 -17.3477
5149 -17.3512
5150 -17.3548
5151 -17.3583
5152 -17.3619
5153 -17.3654
5154 -17.369
5155 -17.3725
5156 -17.3761
5157 -17.3796
5158 -17.3832
5159 -17.3867
5160 -17.3903
5161 -17.3938
5162 -17.3974
5163 -17.4009
5164 -17.4045
5165 -17.408
5166 -17.4116
5167 -17.4151
5168 -17.4187
5169 -17.4223
5170 -17.4258
5171 -17.4294
5172 -17.4329
5173 -17.4365
5174 -17.4401
5175 -17.4436
5176 -17.4472
5177 -17.4507
5178 -17.4543
5179 -17.4579
5180 -17.4614
5181 -17.465
5182 -17.4686
5183 -17.4721
5184 -17.4757
5185 -17.4793
5186 -17.4829
5187 -17.4864
5188 -17.49
5189 -17.4936
5190 -17.4971
5191 -17.5007
5192 -17.5043
5193 -17.5079
5194 -17.5114
5195 -17.515
5196 -17.5186
5197 -17.5222
5198 -17.5258
5199 -17.5293
5200 -17.5329
5201 -17.5365
5202 -17.5401
5203 -17.5437
5204 -17.5473
5205 -17.5508
5206 -17.5544
5207 -17.558
5208 -17.5616
5209 -17.5652
5210 -17.5688
5211 -17.5724
5212 -17.5759
5213 -17.5795
5214 -17.5831
5215 -17.5867
5216 -17.5903
5217 -17.5939
5218 -17.5975
5219 -17.6011
5220 -17.6047
5221 -17.6083
5222 -17.6119
5223 -17.6155
5224 -17.6191
5225 -17.6227
5226 -17.6263
5227 -17.6299
5228 -17.6335
5229 -17.6371
5230 -17.6407
5231 -17.6443
5232 -17.6479
5233 -17.6515
5234 -17.6551
5235 -17.6587
5236 -17.6623
5237 -17.6659
5238 -17.6695
5239 -17.6731
5240 -17.6767
5241 -17.6803
5242 -17.6839
5243 -17.6876
5244 -17.6912
5245 -17.6948
5246 -17.6984
5247 -17.702
5248 -17.7056
5249 -17.7092
5250 -17.7129
5251 -17.7165
5252 -17.7201
5253 -17.7237
5254 -17.7273
5255 -17.7309
5256 -17.7346
5257 -17.7382
5258 -17.7418
5259 -17.7454
5260 -17.7491
5261 -17.7527
5262 -17.7563
5263 -17.7599
5264 -17.7636
5265 -17.7672
5266 -17.7708
5267 -17.7744
5268 -17.7781
5269 -17.7817
5270 -17.7853
5271 -17.7889
5272 -17.7926
5273 -17.7962
5274 -17.7998
5275 -17.8035
5276 -17.8071
5277 -17.8107
5278 -17.8144
5279 -17.818
5280 -17.8217
5281 -17.8253
5282 -17.8289
5283 -17.8326
5284 -17.8362
5285 -17.8398
5286 -17.8435
5287 -17.8471
5288 -17.8508
5289 -17.8544
5290 -17.858
5291 -17.8617
5292 -17.8653
5293 -17.869
5294 -17.8726
5295 -17.8763
5296 -17.8799
5297 -17.8836
5298 -17.8872
5299 -17.8909
5300 -17.8945
5301 -17.8982
5302 -17.9018
5303 -17.9055
5304 -17.9091
5305 -17.9128
5306 -17.9164
5307 -17.9201
5308 -17.9237
5309 -17.9274
5310 -17.931
5311 -17.9347
5312 -17.9384
5313 -17.942
5314 -17.9457
5315 -17.9493
5316 -17.953
5317 -17.9567
5318 -17.9603
5319 -17.964
5320 -17.9676
5321 -17.9713
5322 -17.975
5323 -17.9786
5324 -17.9823
5325 -17.986
5326 -17.9896
5327 -17.9933
5328 -17.997
5329 -18.0006
5330 -18.0043
5331 -18.008
5332 -18.0116
5333 -18.0153
5334 -18.019
5335 -18.0226
5336 -18.0263
5337 -18.03
5338 -18.0337
5339 -18.0373
5340 -18.041
5341 -18.0447
5342 -18.0484
5343 -18.052
5344 -18.0557
5345 -18.0594
5346 -18.0631
5347 -18.0668
5348 -18.0704
5349 -18.0741
5350 -18.0778
5351 -18.0815
5352 -18.0852
5353 -18.0888
5354 -18.0925
5355 -18.0962
5356 -18.0999
5357 -18.1036
5358 -18.1073
5359 -18.1109
5360 -18.1146
5361 -18.1183
5362 -18.122
5363 -18.1257
5364 -18.1294
5365 -18.1331
5366 -18.1368
5367 -18.1405
5368 -18.1441
5369 -18.1478
5370 -18.1515
5371 -18.1552
5372 -18.1589
5373 -18.1626
5374 -18.1663
5375 -18.17
5376 -18.1737
5377 -18.1774
5378 -18.1811
5379 -18.1848
5380 -18.1885
5381 -18.1922
5382 -18.1959
5383 -18.1996
5384 -18.2033
5385 -18.207
5386 -18.2107
5387 -18.2144
5388 -18.2181
5389 -18.2218
5390 -18.2255
5391 -18.2292
5392 -18.2329
5393 -18.2366
5394 -18.2403
5395 -18.244
5396 -18.2477
5397 -18.2515
5398 -18.2552
5399 -18.2589
5400 -18.2626
5401 -18.2663
5402 -18.27
5403 -18.2737
5404 -18.2774
5405 -18.2811
5406 -18.2849
5407 -18.2886
5408 -18.2923
5409 -18.296
5410 -18.2997
5411 -18.3034
5412 -18.3071
5413 -18.3109
5414 -18.3146
5415 -18.3183
5416 -18.322
5417 -18.3257
5418 -18.3294
5419 -18.3332
5420 -18.3369
5421 -18.3406
5422 -18.3443
5423 -18.3481
5424 -18.3518
5425 -18.3555
5426 -18.3592
5427 -18.3629
5428 -18.3667
5429 -18.3704
5430 -18.3741
5431 -18.3779
5432 -18.3816
5433 -18.3853
5434 -18.389
5435 -18.3928
5436 -18.3965
5437 -18.4002
5438 -18.4039
5439 -18.4077
5440 -18.4114
5441 -18.4151
5442 -18.4189
5443 -18.4226
5444 -18.4263
5445 -18.4301
5446 -18.4338
5447 -18.4375
5448 -18.4413
5449 -18.445
5450 -18.4487
5451 -18.4525
5452 -18.4562
5453 -18.46
5454 -18.4637
5455 -18.4674
5456 -18.4712
5457 -18.4749
5458 -18.4787
5459 -18.4824
5460 -18.4861
5461 -18.4899
5462 -18.4936
5463 -18.4974
5464 -18.5011
5465 -18.5048
5466 -18.5086
5467 -18.5123
5468 -18.5161
5469 -18.5198
5470 -18.5236
5471 -18.5273
5472 -18.5311
5473 -18.5348
5474 -18.5386
5475 -18.5423
5476 -18.546
5477 -18.5498
5478 -18.5535
5479 -18.5573
5480 -18.561
5481 -18.5648
5482 -18.5685
5483 -18.5723
5484 -18.5761
5485 -18.5798
5486 -18.5836
5487 -18.5873
5488 -18.5911
5489 -18.5948
5490 -18.5986
5491 -18.6023
5492 -18.6061
5493 -18.6098
5494 -18.6136
5495 -18.6174
5496 -18.6211
5497 -18.6249
5498 -18.6286
5499 -18.6324
5500 -18.6361
5501 -18.6399
5502 -18.6437
5503 -18.6474
5504 -18.6512
5505 -18.6549
5506 -18.6587
5507 -18.6625
5508 -18.6662
5509 -18.67
5510 -18.6738
5511 -18.6775
5512 -18.6813
5513 -18.685
5514 -18.6888
5515 -18.6926
5516 -18.6963
5517 -18.7001
5518 -18.7039
5519 -18.7076
5520 -18.7114
5521 -18.7152
5522 -18.7189
5523 -18.7227
5524 -18.7265
5525 -18.7302
5526 -18.734
5527 -18.7378
5528 -18.7416
5529 -18.7453
5530 -18.7491
5531 -18.7529
5532 -18.7566
5533 -18.7604
5534 -18.7642
5535 -18.768
5536 -18.7717
5537 -18.7755
5538 -18.7793
5539 -18.7831
5540 -18.7868
5541 -18.7906
5542 -18.7944
5543 -18.7982
5544 -18.8019
5545 -18.8057
5546 -18.8095
5547 -18.8133
5548 -18.817
5549 -18.8208
5550 -18.8246
5551 -18.8284
5552 -18.8322
5553 -18.8359
5554 -18.8397
5555 -18.8435
5556 -18.8473
5557 -18.8511
5558 -18.8548
5559 -18.8586
5560 -18.8624
5561 -18.8662
5562 -18.87
5563 -18.8737
5564 -18.8775
5565 -18.8813
5566 -18.8851
5567 -18.8889
5568 -18.8927
5569 -18.8964
5570 -18.9002
5571 -18.904
5572 -18.9078
5573 -18.9116
5574 -18.9154
5575 -18.9192
5576 -18.9229
5577 -18.9267
5578 -18.9305
5579 -18.9343
5580 -18.9381
5581 -18.9419
5582 -18.9457
5583 -18.9495
5584 -18.9533
5585 -18.957
5586 -18.9608
5587 -18.9646
5588 -18.9684
5589 -18.9722
5590 -18.976
5591 -18.9798
5592 -18.9836
5593 -18.9874
5594 -18.9912
5595 -18.995
5596 -18.9987
5597 -19.0025
5598 -19.0063
5599 -19.0101
5600 -19.0139
5601 -19.0177
5602 -19.0215
5603 -19.0253
5604 -19.0291
5605 -19.0329
5606 -19.0367
5607 -19.0405
5608 -19.0443
5609 -19.0481
5610 -19.0519
5611 -19.0557
5612 -19.0595
5613 -19.0633
5614 -19.0671
5615 -19.0709
5616 -19.0747
5617 -19.0784
5618 -19.0822
5619 -19.086
5620 -19.0898
5621 -19.0936
5622 -19.0974
5623 -19.1012
5624 -19.105
5625 -19.1088
5626 -19.1126
5627 -19.1164
5628 -19.1202
5629 -19.124
5630 -19.1278
5631 -19.1316
5632 -19.1354
5633 -19.1392
5634 -19.143
5635 -19.1468
5636 -19.1507
5637 -19.1545
5638 -19.1583
5639 -19.1621
5640 -19.1659
5641 -19.1697
5642 -19.1735
5643 -19.1773
5644 -19.1811
5645 -19.1849
5646 -19.1887
5647 -19.1925
5648 -19.1963
5649 -19.2001
5650 -19.2039
5651 -19.2077
5652 -19.2115
5653 -19.2153
5654 -19.2191
5655 -19.2229
5656 -19.2267
5657 -19.2305
5658 -19.2343
5659 -19.2382
5660 -19.242
5661 -19.2458
5662 -19.2496
5663 -19.2534
5664 -19.2572
5665 -19.261
5666 -19.2648
5667 -19.2686
5668 -19.2724
5669 -19.2762
5670 -19.28
5671 -19.2838
5672 -19.2876
5673 -19.2915
5674 -19.2953
5675 -19.2991
5676 -19.3029
5677 -19.3067
5678 -19.3105
5679 -19.3143
5680 -19.3181
5681 -19.3219
5682 -19.3257
5683 -19.3295
5684 -19.3334
5685 -19.3372
5686 -19.341
5687 -19.3448
5688 -19.3486
5689 -19.3524
5690 -19.3562
5691 -19.36
5692 -19.3638
5693 -19.3676
5694 -19.3715
5695 -19.3753
5696 -19.3791
5697 -19.3829
5698 -19.3867
5699 -19.3905
5700 -19.3943
5701 -19.3981
5702 -19.4019
5703 -19.4058
5704 -19.4096
5705 -19.4134
5706 -19.4172
5707 -19.421
5708 -19.4248
5709 -19.4286
5710 -19.4324
5711 -19.4362
5712 -19.4401
5713 -19.4439
5714 -19.4477
5715 -19.4515
5716 -19.4553
5717 -19.4591
5718 -19.4629
5719 -19.4667
5720 -19.4706
5721 -19.4744
5722 -19.4782
5723 -19.482
5724 -19.4858
5725 -19.4896
5726 -19.4934
5727 -19.4972
5728 -19.5011
5729 -19.5049
5730 -19.5087
5731 -19.5125
5732 -19.5163
5733 -19.5201
5734 -19.5239
5735 -19.5277
5736 -19.5316
5737 -19.5354
5738 -19.5392
5739 -19.543
5740 -19.5468
5741 -19.5506
5742 -19.5544
5743 -19.5582
5744 -19.5621
5745 -19.5659
5746 -19.5697
5747 -19.5735
5748 -19.5773
5749 -19.5811
5750 -19.5849
5751 -19.5887
5752 -19.5926
5753 -19.5964
5754 -19.6002
5755 -19.604
5756 -19.6078
5757 -19.6116
5758 -19.6154
5759 -19.6192
5760 -19.6231
5761 -19.6269
5762 -19.6307
5763 -19.6345
5764 -19.6383
5765 -19.6421
5766 -19.6459
5767 -19.6497
5768 -19.6535
5769 -19.6574
5770 -19.6612
5771 -19.665
5772 -19.6688
5773 -19.6726
5774 -19.6764
5775 -19.6802
5776 -19.684
5777 -19.6878
5778 -19.6917
5779 -19.6955
5780 -19.6993
5781 -19.7031
5782 -19.7069
5783 -19.7107
5784 -19.7145
5785 -19.7183
5786 -19.7221
5787 -19.726
5788 -19.7298
5789 -19.7336
5790 -19.7374
5791 -19.7412
5792 -19.745
5793 -19.7488
5794 -19.7526
5795 -19.7564
5796 -19.7602
5797 -19.764
5798 -19.7679
5799 -19.7717
5800 -19.7755
5801 -19.7793
5802 -19.7831
5803 -19.7869
5804 -19.7907
5805 -19.7945
5806 -19.7983
5807 -19.8021
5808 -19.8059
5809 -19.8097
5810 -19.8135
5811 -19.8174
5812 -19.8212
5813 -19.825
5814 -19.8288
5815 -19.8326
5816 -19.8364
5817 -19.8402
5818 -19.844
5819 -19.8478
5820 -19.8516
5821 -19.8554
5822 -19.8592
5823 -19.863
5824 -19.8668
5825 -19.8706
5826 -19.8744
5827 -19.8782
5828 -19.882
5829 -19.8858
5830 -19.8896
5831 -19.8934
5832 -19.8972
5833 -19.9011
5834 -19.9049
5835 -19.9087
5836 -19.9125
5837 -19.9163
5838 -19.9201
5839 -19.9239
5840 -19.9277
5841 -19.9315
5842 -19.9353
5843 -19.9391
5844 -19.9429
5845 -19.9467
5846 -19.9505
5847 -19.9543
5848 -19.9581
5849 -19.9619
5850 -19.9657
5851 -19.9695
5852 -19.9733
5853 -19.9771
5854 -19.9809
5855 -19.9847
5856 -19.9884
5857 -19.9922
5858 -19.996
5859 -19.9998
5860 -20.0036
5861 -20.0074
5862 -20.0112
5863 -20.015
5864 -20.0188
5865 -20.0226
5866 -20.0264
5867 -20.0302
5868 -20.034
5869 -20.0378
5870 -20.0416
5871 -20.0454
5872 -20.0492
5873 -20.053
5874 -20.0567
5875 -20.0605
5876 -20.0643
5877 -20.0681
5878 -20.0719
5879 -20.0757
5880 -20.0795
5881 -20.0833
5882 -20.0871
5883 -20.0909
5884 -20.0947
5885 -20.0984
5886 -20.1022
5887 -20.106
5888 -20.1098
5889 -20.1136
5890 -20.1174
5891 -20.1212
5892 -20.1249
5893 -20.1287
5894 -20.1325
5895 -20.1363
5896 -20.1401
5897 -20.1439
5898 -20.1477
5899 -20.1514
5900 -20.1552
5901 -20.159
5902 -20.1628
5903 -20.1666
5904 -20.1704
5905 -20.1741
5906 -20.1779
5907 -20.1817
5908 -20.1855
5909 -20.1893
5910 -20.193
5911 -20.1968
5912 -20.2006
5913 -20.2044
5914 -20.2082
5915 -20.2119
5916 -20.2157
5917 -20.2195
5918 -20.2233
5919 -20.227
5920 -20.2308
5921 -20.2346
5922 -20.2384
5923 -20.2421
5924 -20.2459
5925 -20.2497
5926 -20.2535
5927 -20.2572
5928 -20.261
5929 -20.2648
5930 -20.2685
5931 -20.2723
5932 -20.2761
5933 -20.2799
5934 -20.2836
5935 -20.2874
5936 -20.2912
5937 -20.2949
5938 -20.2987
5939 -20.3025
5940 -20.3062
5941 -20.31
5942 -20.3138
5943 -20.3175
5944 -20.3213
5945 -20.3251
5946 -20.3288
5947 -20.3326
5948 -20.3363
5949 -20.3401
5950 -20.3439
5951 -20.3476
5952 -20.3514
5953 -20.3552
5954 -20.3589
5955 -20.3627
5956 -20.3664
5957 -20.3702
5958 -20.374
5959 -20.3777
5960 -20.3815
5961 -20.3852
5962 -20.389
5963 -20.3927
5964 -20.3965
5965 -20.4002
5966 -20.404
5967 -20.4078
5968 -20.4115
5969 -20.4153
5970 -20.419
5971 -20.4228
5972 -20.4265
5973 -20.4303
5974 -20.434
5975 -20.4378
5976 -20.4415
5977 -20.4453
5978 -20.449
5979 -20.4528
5980 -20.4565
5981 -20.4603
5982 -20.464
5983 -20.4677
5984 -20.4715
5985 -20.4752
5986 -20.479
5987 -20.4827
5988 -20.4865
5989 -20.4902
5990 -20.4939
5991 -20.4977
5992 -20.5014
5993 -20.5052
5994 -20.5089
5995 -20.5126
5996 -20.5164
5997 -20.5201
5998 -20.5239
5999 -20.5276
6000 -20.5313
6001 -20.5351
6002 -20.5388
6003 -20.5425
6004 -20.5463
6005 -20.55
6006 -20.5537
6007 -20.5575
6008 -20.5612
6009 -20.5649
6010 -20.5687
6011 -20.5724
6012 -20.5761
6013 -20.5798
6014 -20.5836
6015 -20.5873
6016 -20.591
6017 -20.5947
6018 -20.5985
6019 -20.6022
6020 -20.6059
6021 -20.6096
6022 -20.6134
6023 -20.6171
6024 -20.6208
6025 -20.6245
6026 -20.6282
6027 -20.632
6028 -20.6357
6029 -20.6394
6030 -20.6431
6031 -20.6468
6032 -20.6506
6033 -20.6543
6034 -20.658
6035 -20.6617
6036 -20.6654
6037 -20.6691
6038 -20.6728
6039 -20.6765
6040 -20.6803
6041 -20.684
6042 -20.6877
6043 -20.6914
6044 -20.6951
6045 -20.6988
6046 -20.7025
6047 -20.7062
6048 -20.7099
6049 -20.7136
6050 -20.7173
6051 -20.721
6052 -20.7247
6053 -20.7284
6054 -20.7321
6055 -20.7358
6056 -20.7395
6057 -20.7432
6058 -20.7469
6059 -20.7506
6060 -20.7543
6061 -20.758
6062 -20.7617
6063 -20.7654
6064 -20.7691
6065 -20.7728
6066 -20.7765
6067 -20.7802
6068 -20.7839
6069 -20.7876
6070 -20.7913
6071 -20.795
6072 -20.7986
6073 -20.8023
6074 -20.806
6075 -20.8097
6076 -20.8134
6077 -20.8171
6078 -20.8208
6079 -20.8244
6080 -20.8281
6081 -20.8318
6082 -20.8355
6083 -20.8392
6084 -20.8428
6085 -20.8465
6086 -20.8502
6087 -20.8539
6088 -20.8576
6089 -20.8612
6090 -20.8649
6091 -20.8686
6092 -20.8723
6093 -20.8759
6094 -20.8796
6095 -20.8833
6096 -20.8869
6097 -20.8906
6098 -20.8943
6099 -20.898
6100 -20.9016
6101 -20.9053
6102 -20.909
6103 -20.9126
6104 -20.9163
6105 -20.92
6106 -20.9236
6107 -20.9273
6108 -20.9309
6109 -20.9346
6110 -20.9383
6111 -20.9419
6112 -20.9456
6113 -20.9492
6114 -20.9529
6115 -20.9566
6116 -20.9602
6117 -20.9639
6118 -20.9675
6119 -20.9712
6120 -20.9748
6121 -20.9785
6122 -20.9821
6123 -20.9858
6124 -20.9894
6125 -20.9931
6126 -20.9967
6127 -21.0004
6128 -21.004
6129 -21.0077
6130 -21.0113
6131 -21.0149
6132 -21.0186
6133 -21.0222
6134 -21.0259
6135 -21.0295
6136 -21.0332
6137 -21.0368
6138 -21.0404
6139 -21.0441
6140 -21.0477
6141 -21.0513
6142 -21.055
6143 -21.0586
6144 -21.0622
6145 -21.0659
6146 -21.0695
6147 -21.0731
6148 -21.0768
6149 -21.0804
6150 -21.084
6151 -21.0876
6152 -21.0913
6153 -21.0949
6154 -21.0985
6155 -21.1021
6156 -21.1058
6157 -21.1094
6158 -21.113
6159 -21.1166
6160 -21.1203
6161 -21.1239
6162 -21.1275
6163 -21.1311
6164 -21.1347
6165 -21.1383
6166 -21.142
6167 -21.1456
6168 -21.1492
6169 -21.1528
6170 -21.1564
6171 -21.16
6172 -21.1636
6173 -21.1672
6174 -21.1708
6175 -21.1745
6176 -21.1781
6177 -21.1817
6178 -21.1853
6179 -21.1889
6180 -21.1925
6181 -21.1961
6182 -21.1997
6183 -21.2033
6184 -21.2069
6185 -21.2105
6186 -21.2141
6187 -21.2177
6188 -21.2213
6189 -21.2249
6190 -21.2285
6191 -21.232
6192 -21.2356
6193 -21.2392
6194 -21.2428
6195 -21.2464
6196 -21.25
6197 -21.2536
6198 -21.2572
6199 -21.2608
6200 -21.2643
6201 -21.2679
6202 -21.2715
6203 -21.2751
6204 -21.2787
6205 -21.2823
6206 -21.2858
6207 -21.2894
6208 -21.293
6209 -21.2966
6210 -21.3002
6211 -21.3037
6212 -21.3073
6213 -21.3109
6214 -21.3145
6215 -21.318
6216 -21.3216
6217 -21.3252
6218 -21.3287
6219 -21.3323
6220 -21.3359
6221 -21.3394
6222 -21.343
6223 -21.3466
6224 -21.3501
6225 -21.3537
6226 -21.3573
6227 -21.3608
6228 -21.3644
6229 -21.368
6230 -21.3715
6231 -21.3751
6232 -21.3786
6233 -21.3822
6234 -21.3857
6235 -21.3893
6236 -21.3928
6237 -21.3964
6238 -21.4
6239 -21.4035
6240 -21.4071
6241 -21.4106
6242 -21.4142
6243 -21.4177
6244 -21.4212
6245 -21.4248
6246 -21.4283
6247 -21.4319
6248 -21.4354
6249 -21.439
6250 -21.4425
6251 -21.446
6252 -21.4496
6253 -21.4531
6254 -21.4567
6255 -21.4602
6256 -21.4637
6257 -21.4673
6258 -21.4708
6259 -21.4743
6260 -21.4779
6261 -21.4814
6262 -21.4849
6263 -21.4885
6264 -21.492
6265 -21.4955
6266 -21.4991
6267 -21.5026
6268 -21.5061
6269 -21.5096
6270 -21.5131
6271 -21.5167
6272 -21.5202
6273 -21.5237
6274 -21.5272
6275 -21.5308
6276 -21.5343
6277 -21.5378
6278 -21.5413
6279 -21.5448
6280 -21.5483
6281 -21.5518
6282 -21.5554
6283 -21.5589
6284 -21.5624
6285 -21.5659
6286 -21.5694
6287 -21.5729
6288 -21.5764
6289 -21.5799
6290 -21.5834
6291 -21.5869
6292 -21.5904
6293 -21.5939
6294 -21.5974
6295 -21.6009
6296 -21.6044
6297 -21.6079
6298 -21.6114
6299 -21.6149
6300 -21.6184
6301 -21.6219
6302 -21.6254
6303 -21.6289
6304 -21.6324
6305 -21.6359
6306 -21.6394
6307 -21.6429
6308 -21.6464
6309 -21.6499
6310 -21.6534
6311 -21.6568
6312 -21.6603
6313 -21.6638
6314 -21.6673
6315 -21.6708
6316 -21.6743
6317 -21.6778
6318 -21.6812
6319 -21.6847
6320 -21.6882
6321 -21.6917
6322 -21.6951
6323 -21.6986
6324 -21.7021
6325 -21.7056
6326 -21.709
6327 -21.7125
6328 -21.716
6329 -21.7195
6330 -21.7229
6331 -21.7264
6332 -21.7299
6333 -21.7333
6334 -21.7368
6335 -21.7403
6336 -21.7437
6337 -21.7472
6338 -21.7507
6339 -21.7541
6340 -21.7576
6341 -21.761
6342 -21.7645
6343 -21.768
6344 -21.7714
6345 -21.7749
6346 -21.7783
6347 -21.7818
6348 -21.7853
6349 -21.7887
6350 -21.7922
6351 -21.7956
6352 -21.7991
6353 -21.8025
6354 -21.806
6355 -21.8094
6356 -21.8129
6357 -21.8163
6358 -21.8198
6359 -21.8232
6360 -21.8266
6361 -21.8301
6362 -21.8335
6363 -21.837
6364 -21.8404
6365 -21.8438
6366 -21.8473
6367 -21.8507
6368 -21.8542
6369 -21.8576
6370 -21.861
6371 -21.8645
6372 -21.8679
6373 -21.8713
6374 -21.8748
6375 -21.8782
6376 -21.8816
6377 -21.8851
6378 -21.8885
6379 -21.8919
6380 -21.8953
6381 -21.8988
6382 -21.9022
6383 -21.9056
6384 -21.909
6385 -21.9125
6386 -21.9159
6387 -21.9193
6388 -21.9227
6389 -21.9262
6390 -21.9296
6391 -21.933
6392 -21.9364
6393 -21.9398
6394 -21.9432
6395 -21.9467
6396 -21.9501
6397 -21.9535
6398 -21.9569
6399 -21.9603
6400 -21.9637
6401 -21.9671
6402 -21.9705
6403 -21.9739
6404 -21.9774
6405 -21.9808
6406 -21.9842
6407 -21.9876
6408 -21.991
6409 -21.9944
6410 -21.9978
6411 -22.0012
6412 -22.0046
6413 -22.008
6414 -22.0114
6415 -22.0148
6416 -22.0182
6417 -22.0216
6418 -22.025
6419 -22.0284
6420 -22.0318
6421 -22.0352
6422 -22.0386
6423 -22.0419
6424 -22.0453
6425 -22.0487
6426 -22.0521
6427 -22.0555
6428 -22.0589
6429 -22.0623
6430 -22.0657
6431 -22.0691
6432 -22.0724
6433 -22.0758
6434 -22.0792
6435 -22.0826
6436 -22.086
6437 -22.0894
6438 -22.0927
6439 -22.0961
6440 -22.0995
6441 -22.1029
6442 -22.1063
6443 -22.1096
6444 -22.113
6445 -22.1164
6446 -22.1198
6447 -22.1231
6448 -22.1265
6449 -22.1299
6450 -22.1333
6451 -22.1366
6452 -22.14
6453 -22.1434
6454 -22.1467
6455 -22.1501
6456 -22.1535
6457 -22.1568
6458 -22.1602
6459 -22.1636
6460 -22.1669
6461 -22.1703
6462 -22.1737
6463 -22.177
6464 -22.1804
6465 -22.1837
6466 -22.1871
6467 -22.1905
6468 -22.1938
6469 -22.1972
6470 -22.2005
6471 -22.2039
6472 -22.2072
6473 -22.2106
6474 -22.2139
6475 -22.2173
6476 -22.2207
6477 -22.224
6478 -22.2274
6479 -22.2307
6480 -22.2341
6481 -22.2374
6482 -22.2408
6483 -22.2441
6484 -22.2475
6485 -22.2508
6486 -22.2541
6487 -22.2575
6488 -22.2608
6489 -22.2642
6490 -22.2675
6491 -22.2709
6492 -22.2742
6493 -22.2775
6494 -22.2809
6495 -22.2842
6496 -22.2876
6497 -22.2909
6498 -22.2942
6499 -22.2976
6500 -22.3009
6501 -22.3042
6502 -22.3076
6503 -22.3109
6504 -22.3142
6505 -22.3176
6506 -22.3209
6507 -22.3242
6508 -22.3276
6509 -22.3309
6510 -22.3342
6511 -22.3376
6512 -22.3409
6513 -22.3442
6514 -22.3475
6515 -22.3509
6516 -22.3542
6517 -22.3575
6518 -22.3608
6519 -22.3642
6520 -22.3675
6521 -22.3708
6522 -22.3741
6523 -22.3774
6524 -22.3808
6525 -22.3841
6526 -22.3874
6527 -22.3907
6528 -22.3941
6529 -22.3974
6530 -22.4007
6531 -22.404
6532 -22.4073
6533 -22.4106
6534 -22.4139
6535 -22.4173
6536 -22.4206
6537 -22.4239
6538 -22.4272
6539 -22.4305
6540 -22.4338
6541 -22.4371
6542 -22.4404
6543 -22.4437
6544 -22.4471
6545 -22.4504
6546 -22.4537
6547 -22.457
6548 -22.4603
6549 -22.4636
6550 -22.4669
6551 -22.4702
6552 -22.4735
6553 -22.4768
6554 -22.4801
6555 -22.4834
6556 -22.4867
6557 -22.49
6558 -22.4933
6559 -22.4966
6560 -22.4999
6561 -22.5032
6562 -22.5065
6563 -22.5098
6564 -22.5131
6565 -22.5164
6566 -22.5197
6567 -22.523
6568 -22.5263
6569 -22.5296
6570 -22.5329
6571 -22.5362
6572 -22.5395
6573 -22.5427
6574 -22.546
6575 -22.5493
6576 -22.5526
6577 -22.5559
6578 -22.5592
6579 -22.5625
6580 -22.5658
6581 -22.5691
6582 -22.5724
6583 -22.5756
6584 -22.5789
6585 -22.5822
6586 -22.5855
6587 -22.5888
6588 -22.5921
6589 -22.5953
6590 -22.5986
6591 -22.6019
6592 -22.6052
6593 -22.6085
6594 -22.6118
6595 -22.615
6596 -22.6183
6597 -22.6216
6598 -22.6249
6599 -22.6282
6600 -22.6314
6601 -22.6347
6602 -22.638
6603 -22.6413
6604 -22.6445
6605 -22.6478
6606 -22.6511
6607 -22.6544
6608 -22.6576
6609 -22.6609
6610 -22.6642
6611 -22.6675
6612 -22.6707
6613 -22.674
6614 -22.6773
6615 -22.6806
6616 -22.6838
6617 -22.6871
6618 -22.6904
6619 -22.6936
6620 -22.6969
6621 -22.7002
6622 -22.7034
6623 -22.7067
6624 -22.71
6625 -22.7132
6626 -22.7165
6627 -22.7198
6628 -22.723
6629 -22.7263
6630 -22.7296
6631 -22.7328
6632 -22.7361
6633 -22.7394
6634 -22.7426
6635 -22.7459
6636 -22.7491
6637 -22.7524
6638 -22.7557
6639 -22.7589
6640 -22.7622
6641 -22.7655
6642 -22.7687
6643 -22.772
6644 -22.7752
6645 -22.7785
6646 -22.7817
6647 -22.785
6648 -22.7883
6649 -22.7915
6650 -22.7948
6651 -22.798
6652 -22.8013
6653 -22.8045
6654 -22.8078
6655 -22.8111
6656 -22.8143
6657 -22.8176
6658 -22.8208
6659 -22.8241
6660 -22.8273
6661 -22.8306
6662 -22.8338
6663 -22.8371
6664 -22.8403
6665 -22.8436
6666 -22.8468
6667 -22.8501
6668 -22.8533
6669 -22.8566
6670 -22.8598
6671 -22.8631
6672 -22.8663
6673 -22.8696
6674 -22.8728
6675 -22.8761
6676 -22.8793
6677 -22.8826
6678 -22.8858
6679 -22.8891
6680 -22.8923
6681 -22.8955
6682 -22.8988
6683 -22.902
6684 -22.9053
6685 -22.9085
6686 -22.9118
6687 -22.915
6688 -22.9183
6689 -22.9215
6690 -22.9247
6691 -22.928
6692 -22.9312
6693 -22.9345
6694 -22.9377
6695 -22.941
6696 -22.9442
6697 -22.9474
6698 -22.9507
6699 -22.9539
6700 -22.9572
6701 -22.9604
6702 -22.9636
6703 -22.9669
6704 -22.9701
6705 -22.9733
6706 -22.9766
6707 -22.9798
6708 -22.9831
6709 -22.9863
6710 -22.9895
6711 -22.9928
6712 -22.996
6713 -22.9992
6714 -23.0025
6715 -23.0057
6716 -23.0089
6717 -23.0122
6718 -23.0154
6719 -23.0187
6720 -23.0219
6721 -23.0251
