0 2.27884
1 2.17347
2 2.0681
3 1.96273
4 1.85736
5 1.75199
6 1.64662
7 1.54125
8 1.43588
9 1.33051
10 1.22514
11 1.11977
12 1.0144
13 0.909028
14 0.803658
15 0.698289
16 0.59292
17 0.487551
18 0.382182
19 0.276813
20 0.171444
21 0.0660757
22 -0.0392927
23 -0.144661
24 -0.250029
25 -0.355397
26 -0.460765
27 -0.566133
28 -0.671501
29 -0.776869
30 -0.882236
31 -0.987604
32 -1.09297
33 -1.19834
34 -1.3037
35 -1.40907
36 -1.51444
37 -1.61981
38 -1.72517
39 -1.83054
40 -1.9359
41 -2.04127
42 -2.14664
43 -2.252
44 -2.35737
45 -2.46273
46 -2.5681
47 -2.67347
48 -2.77883
49 -2.8842
50 -2.98956
51 -3.09493
52 -3.20029
53 -3.30566
54 -3.41102
55 -3.51639
56 -3.62175
57 -3.72711
58 -3.83248
59 -3.93784
60 -4.04321
61 -4.14857
62 -4.25393
63 -4.3593
64 -4.46466
65 -4.57002
66 -4.67539
67 -4.78075
68 -4.88611
69 -4.99148
70 -5.09684
71 -5.2022
72 -5.30756
73 -5.41293
74 -5.51829
75 -5.62365
76 -5.72901
77 -5.83438
78 -5.93974
79 -6.0451
80 -6.15046
81 -6.25582
82 -6.36118
83 -6.46654
84 -6.57191
85 -6.67727
86 -6.78263
87 -6.88799
88 -6.99335
89 -7.09871
90 -7.20407
91 -7.30943
92 -7.41479
93 -7.52015
94 -7.62551
95 -7.73087
96 -7.83623
97 -7.94159
98 -8.04695
99 -8.15231
100 -8.25767
101 -8.36303
102 -8.46839
103 -8.57374
104 -8.6791
105 -8.78446
106 -8.88982
107 -8.99518
108 -9.10054
109 -9.2059
110 -9.31125
111 -9.41661
112 -9.52197
113 -9.62733
114 -9.73268
115 -9.83804
116 -9.9434
117 -10.0488
118 -10.1541
119 -10.2595
120 -10.3648
121 -10.4702
122 -10.5755
123 -10.6809
124 -10.7863
125 -10.8916
126 -10.997
127 -11.1023
128 -11.2077
129 -11.313
130 -11.4184
131 -11.5237
132 -11.6291
133 -11.7345
134 -11.8398
135 -11.9452
136 -12.0505
137 -12.1559
138 -12.2612
139 -12.3666
140 -12.4719
141 -12.5773
142 -12.6826
143 -12.788
144 -12.8934
145 -12.9987
146 -13.1041
147 -13.2094
148 -13.3148
149 -13.4201
150 -13.5255
151 -13.6308
152 -13.7362
153 -13.8415
154 -13.9469
155 -14.0522
156 -14.1576
157 -14.2629
158 -14.3683
159 -14.4737
160 -14.579
161 -14.6844
162 -14.7897
163 -14.8951
164 -15.0004
165 -15.1058
166 -15.2111
167 -15.3165
168 -15.4218
169 -15.5272
170 -15.6325
171 -15.7379
172 -15.8432
173 -15.9486
174 -16.0539
175 -16.1593
176 -16.2646
177 -16.37
178 -16.4753
179 -16.5807
180 -16.686
181 -16.7914
182 -16.8967
183 -17.0021
184 -17.1074
185 -17.2128
186 -17.3181
187 -17.4235
188 -17.5288
189 -17.6342
190 -17.7395
191 -17.8449
192 -17.9502
193 -18.0556
194 -18.1609
195 -18.2663
196 -18.3716
197 -18.477
198 -18.5823
199 -18.6876
200 -18.793
201 -18.8983
202 -19.0037
203 -19.109
204 -19.2144
205 -19.3197
206 -19.4251
207 -19.5304
208 -19.6358
209 -19.7411
210 -19.8465
211 -19.9518
212 -20.0572
213 -20.1625
214 -20.2678
215 -20.3732
216 -20.4785
217 -20.5839
218 -20.6892
219 -20.7946
220 -20.8999
221 -21.0053
222 -21.1106
223 -21.216
224 -21.3213
225 -21.4267
226 -21.532
227 -21.6373
228 -21.7427
229 -21.848
230 -21.9534
231 -22.0587
232 -22.1641
233 -22.2694
234 -22.3748
235 -22.4801
236 -22.5854
237 -22.6908
238 -22.7961
239 -22.9015
240 -23.0068
