0 2.27884
1 1.9503
2 1.62176
3 1.29322
4 0.964684
5 0.636148
6 0.307613
7 -0.0209213
8 -0.349454
9 -0.677985
10 -1.00652
11 -1.33504
12 -1.66357
13 -1.9921
14 -2.32062
15 -2.64915
16 -2.97767
17 -3.30619
18 -3.63471
19 -3.96323
20 -4.29175
21 -4.62027
22 -4.94879
23 -5.2773
24 -5.60581
25 -5.93433
26 -6.26284
27 -6.59135
28 -6.91986
29 -7.24836
30 -7.57687
31 -7.90538
32 -8.23388
33 -8.56238
34 -8.89088
35 -9.21938
36 -9.54788
37 -9.87638
38 -10.2049
39 -10.5334
40 -10.8619
41 -11.1904
42 -11.5189
43 -11.8473
44 -12.1758
45 -12.5043
46 -12.8328
47 -13.1613
48 -13.4898
49 -13.8183
50 -14.1467
51 -14.4752
52 -14.8037
53 -15.1322
54 -15.4607
55 -15.7891
56 -16.1176
57 -16.4461
58 -16.7746
59 -17.103
60 -17.4315
61 -17.76
62 -18.0884
63 -18.4169
64 -18.7454
65 -19.0738
66 -19.4023
67 -19.7308
68 -20.0592
69 -20.3877
70 -20.7162
71 -21.0446
72 -21.3731
73 -21.7015
74 -22.03
75 -22.3584
76 -22.6869
77 -23.0153
