0 2.27884
1 1.95063
2 1.62247
3 1.29435
4 0.966276
5 0.638246
6 0.31026
7 -0.0176824
8 -0.34558
9 -0.673434
10 -1.00124
11 -1.32901
12 -1.65673
13 -1.98441
14 -2.31204
15 -2.63963
16 -2.96718
17 -3.29468
18 -3.62214
19 -3.94956
20 -4.27693
21 -4.60426
22 -4.93155
23 -5.25879
24 -5.586
25 -5.91316
26 -6.24027
27 -6.56735
28 -6.89438
29 -7.22137
30 -7.54832
31 -7.87522
32 -8.20209
33 -8.52891
34 -8.8557
35 -9.18244
36 -9.50914
37 -9.8358
38 -10.1624
39 -10.489
40 -10.8155
41 -11.142
42 -11.4685
43 -11.7949
44 -12.1213
45 -12.4476
46 -12.7739
47 -13.1002
48 -13.4264
49 -13.7526
50 -14.0788
51 -14.4049
52 -14.731
53 -15.057
54 -15.383
55 -15.709
56 -16.0349
57 -16.3608
58 -16.6867
59 -17.0125
60 -17.3383
61 -17.664
62 -17.9897
63 -18.3154
64 -18.6411
65 -18.9667
66 -19.2923
67 -19.6178
68 -19.9433
69 -20.2688
70 -20.5943
71 -20.9197
72 -21.2451
73 -21.5704
74 -21.8957
75 -22.221
76 -22.5463
77 -22.8715
